0
0
0
0
5.87285e-36
0.00808503
0.025051
2.56491
4.65769
0.0515008
0
0
0
0.00011352
0.448288
0.00010935
0.00351183
0.227619
0.417544
0.0245002
0.0925978
0.113762
0
0
0
0.101373
0.100577
0
1.38024e-15
0
0.182958
8.25085
3.31934
0.0443562
4.56245
14.8755
1.05546
0.176962
0.510285
0
5.52272e-11
0
0.397257
0
0
0
0.769709
3.48256
0.0335041
0.00869774
0.709699
14.6918
0.681063
0.00979009
0
0
0.00839607
0.0139772
0
0
0
0
0
0
0.325262
0.00343591
0.0417318
0.882086
0.0389551
0
0.00111189
0.762454
0.154398
0.00176875
0.00206914
0
0
0
0.00039988
0.0017164
0.0099625
5.96751e-21
0.0714357
2.28296e-21
0
3.70647e-25
0
0
0.00923841
0
0
1.8217e-19
0.00601105
0
0.0642673
0.0495977
0.00582144
0.750435
0.272958
2.12087e-19
0.0437404
0.832963
3.99978e-29
0
0
0.0337472
5.39227e-06
0.00573817
1.44379e-15
0.000829595
0.0318375
1.27014e-24
1.34231e-33
1.0275e-21
0
0
7.84628e-33
3.78214e-22
5.71158e-24
5.41875e-22
0
0
1.1626e-14
9.31349e-15
1.10909e-14
0.0528139
0.620336
0.0138742
1.69142e-22
5.5503e-12
0.00213888
0.0498927
0
5.73762e-12
2.17677e-22
2.28393e-05
0
0.022882
0.0244756
0
1.43707
0.0433942
1.13738e-15
7.12724e-20
2.55436e-23
5.5941e-24
4.62168
5.19384
0.101187
7.70122e-18
4.68893e-08
1.57404
0.16169
0
0.0543248
0
0
0
0.367058
5.37831e-08
9.45769e-09
0.440205
2.01706
0.988603
0
0.0391239
0
4.07822e-20
0.0159334
0.469486
0.430457
0.00682772
9.62444e-21
2.75625e-13
0.153948
0
0.173914
0.000382769
0
0
0
1.04433
4.77562
5.1218
2.1901
0.0864419
4.11024
4.98392
5.60419
2.35988
8.28975
8.17393
4.78988
2.70503
0.00654167
0.00268336
0.197382
0.00921038
0.00112548
8.16097e-05
0.632023
0.139398
0.520908
7.76606
0.181867
0.0181962
1.97726e-05
0.00301472
0.246643
0.138672
0.426025
0.0264207
0.364246
0.132984
0.458993
1.1939
5.65997
16.2316
12.9215
7.87005
1.43059
0.174968
0.493746
0.807826
0.116543
0.204319
0.0728463
0.0307115
0.0790564
0.0496802
1.96323e-26
0
0.0125682
0.106987
0.217967
0.153824
0.130023
0.0730573
7.12358e-20
1.38571e-28
0.00121517
0.0321882
0
1.29759
0.103556
0
0.00156994
1.58847e-07
5.71941e-17
0
0
6.77397e-32
0
0.035102
9.30036e-05
3.24096e-14
6.55126e-27
7.19398e-27
0
0
0
0
1.74416e-24
0.00523441
0.000209813
2.44435e-15
0
0
0
9.42524e-08
0.000458913
1.73522e-12
4.18408e-11
5.50366e-30
0
0
0
2.10192
0.00297037
0.0171687
3.03941
3.60922e-06
0.00200204
0
0
6.23876e-27
0.76984
5.63384e-11
0
1.38496e-12
0
0
0
0.346436
2.04161
0.816302
0.584911
1.10563e-17
0
1.50942
1.85834
0.0877395
1.33634e-14
1.40565
0.267935
0
0.0719731
1.69014e-30
3.77463e-25
3.05382e-14
3.15268e-18
0
0
0
4.50191e-05
0
0
0.215949
13.297
18.7936
0.008668
0.257147
3.54796e-20
0
0.0280163
1.09797
6.35023
2.25396
0.19746
0
0
0.106321
0.926191
0.865933
0.606796
0.411318
1.09678
0.0844916
0.177787
0.311771
0.0375119
3.18889
7.7312
2.84269
3.90828
2.65807
0.890833
0.763115
0.00762492
6.69534e-21
0
1.0738e-30
5.85479e-21
0.075352
0.341681
0.300625
0.0712142
0.276537
0.0624468
0.0026646
1.53262e-11
0
0
1.04841e-31
2.07596e-13
6.21273e-24
0
0
0
0
0
0
0
0.0200707
0.00119154
0
4.83204e-27
0
0
0
0
0
0
0.008756
3.43907e-08
0
0
6.0763e-13
1.69991
0
0.00595151
0.0114025
0.362142
0
0
0
0
0
1.53667e-21
2.00953e-20
1.26627e-23
0.00175187
0.292189
0.191054
0.948863
2.43454
1.84933
7.54904e-28
0.616585
0.657306
0.0596802
0
0.173474
0.823684
0.941547
0.0266783
0
0
0.446084
0.265716
0.0064918
4.46855
0.547397
0.0123493
0.00158941
0
0.292727
0.156153
0
0
0.00707185
13.1532
0.378333
0
0
5.97647e-18
0.0774334
1.06145
2.52068
0.720334
0.197622
0
3.29717e-20
2.24945e-25
0
4.63794e-26
0
0
0.0242583
1.20939e-27
0.136702
0.927855
1.6202
0.0131084
9.80046e-33
7.75441e-27
0.0147894
0.0573266
0.600412
0.170526
1.11454
0.68924
0.186457
0.0449873
1.30371e-23
0.273123
0.151746
0.0128428
6.12727e-27
0
0
1.78021e-24
0.064982
1.02868e-23
0
0
3.4595e-21
0
0
0
0
4.49064e-11
2.68635e-17
1.9717
3.25177
0.00570171
0
0.176057
0
0
0
0.141924
3.75708e-23
0
0
0.0702065
1.0906e-20
0
0
0
0.0911146
0.422194
4.17871
6.91151e-25
0
1.26798
12.1499
0.851156
1.14068
0.0361136
3.07939
2.13438
3.23648
0.0615975
0
0.0168489
0
0
0
0
8.36928e-23
0
0
0
0
0
0
0
0
1.11052
0.0667892
2.30207
-1.24176e-11
0
0
0.322457
0.00360749
0
0.0248083
0.0309108
0.150432
9.52425
0.363033
20.0559
7.26664
1.66428
0.193566
5.32783e-20
0.018105
1.10045
3.10252
2.06273
3.25305
0.924312
0.956347
2.53364
2.89296
0.156156
1.26095e-23
0
0.493934
6.63549
8.70471
0.672074
0.744275
0.0234218
0.00997094
0.00833422
0.342736
0.883216
3.07479
1.76949e-17
0
0.297617
1.47924
1.10133
0.49936
0.0282686
0.0247999
0.00786848
0
0
0
0
0.0950454
0.420144
0.300844
0.682962
0.944715
0.0645675
0.00860458
0
2.7089e-23
0.00994093
1.19867e-21
1.6447e-22
0
5.66764e-22
0.0357215
0.0283704
0
0.0248629
0.000205058
0
0
0
0.91607
0.433478
0.000148779
0
0
0
1.19318e-35
0
0.134694
0.424732
0.000354834
0.0376784
0
0
0.00765644
5.17399
0.00632554
0.858678
0.348521
0
6.91241
3.15133
8.8435
26.7235
0.00142204
0.0137383
0.0209182
2.42627
0.138345
0.00245373
0.0183316
0
0.00360139
7.4866e-10
0
3.24097e-19
0
1.26033e-18
0.0026678
0.042891
0.422761
1.23239
0.898954
0.0406784
0.0729325
0.497096
2.32477
0.0339519
1.26563
0.289915
0.0136618
0
1.97826e-31
0.11106
0.0849463
0
0
3.37395e-17
0.0314012
1.59159
7.11819e-26
9.39273e-22
6.56566e-20
7.27571e-23
0
0.44414
1.44217
1.75609
0.92749
0.573156
0.00788468
0
0
0.194087
0.354737
0.0817193
0.0700368
0
0
1.79112e-22
3.81379e-21
3.37825e-33
0
0.0408627
0.0953582
0.100286
0.00301535
0.124443
0.0147963
0.163138
1.45422
1.98158
3.24465
0.43436
0.210547
0.564232
0.304928
0.32328
0.534069
0.152426
0.540924
0.899203
0.142123
0.00325668
0.200304
1.11131
0.19405
0.00658268
0.200288
0.403609
0.00317521
0.0137834
0
0
0.0216455
1.36929e-07
0
0
0
0.35624
0.473949
0
0
0
0
0.385759
0
2.22625
0.323673
0
8.15459e-11
1.33407e-14
1.38924
0.427445
0.0220275
0.020481
0.265318
0.0187038
0.0418488
0.42459
0.115448
0.0122834
0.152059
0.0528986
0
8.86996e-14
0.0185083
0.0411062
0.457702
0.61237
0.0205232
0
0
0
0.147118
0.0148562
0
0
0
0.118207
0
0
0
4.61711e-13
0
0
0
0
0
0
0
0
0
0
0
0.0968891
0.0727204
0.19426
0.621023
1.48142
3.03121
5.60535
6.11561
6.62263
3.05962
9.95005
4.73632
1.32935
0.0328629
0.183701
0.686207
0.220736
0
2.75748e-22
0.000526305
0.19744
0.635594
5.70043e-10
0
0
0
1.19323e-18
0.00159506
0.0546238
0.0211277
0.0531041
0.021397
0.00862805
0.00571898
0.00295667
0.0716836
0.0518828
0.00996891
5.77514e-20
4.23439e-23
1.20296e-21
0.0608537
0.0139911
0.00323143
0.0881126
0.634004
0.0301346
0
1.59259e-19
0
0
0
0
0
0
0
0
1.0066e-22
1.63844e-23
1.46485e-23
4.55389e-05
5.13695e-12
0.00691067
2.52655e-20
0
2.82081e-14
0.0971902
0.367077
0
0
2.7225e-15
2.48025e-09
0
0
6.97064e-30
0.0196432
0.590838
2.24563
10.5095
5.61739
0.0113971
0
0
0
0
0
0
0
0
0.353465
0.000529383
1.23593e-20
0.0253275
1.72293
0.20788
0.0234993
0.00344338
0
0.946861
7.96935
0.0430125
2.6077e-06
0.00291974
0.384973
0.0225157
0.135774
2.42676e-22
0
0.568241
0.175829
1.13982
0.493702
0.315167
3.33792
0.100147
5.04548e-21
0
7.44697e-12
0.257608
1.9094
6.86766
0.642452
0.0936573
1.66868e-16
3.93314e-24
0
1.52717e-22
0.00150536
0.0814668
4.05826e-18
0.0481161
2.90589
0.0593187
0.00301196
3.02485
13.1686
5.3497
3.70788
0.170921
0.418961
0.192216
1.94903e-05
0.0852469
0.312549
0.231794
0.221883
0
0
4.26111e-17
0.0503989
0.162997
0.151667
0.0806117
0.465872
0.418332
0.458784
0.0169024
0.013584
0.158159
0.00112405
4.25609e-32
0.148252
0.0058774
0.000793256
0.0169838
2.04069e-23
0
2.69825e-19
0.00973748
0.0475301
0.0403949
0.17837
0.105242
0.0155053
5.18959e-25
0
2.93313e-22
0
0
0
0.0251808
0.497929
2.71742
0.211176
0.00228784
0.0803719
0.981578
0.168452
2.53139e-11
3.2914e-14
0.00238936
0.0201036
2.00986e-35
0
0
0.14316
0
8.85975e-15
0
1.78255e-34
0
0
0.0010994
0.378308
0
0
0
0
0
0
0
0
0.0675525
0.124233
0.824298
0.480724
9.55495
0.615319
2.12272
0.235052
1.83378e-27
0
0.0397517
0.328089
0
0
0
0
0.00464557
0.20688
0.0255816
0
0.0165735
0.0433281
0.530367
0.417039
0.124332
3.0842
1.8792e-28
2.63647e-17
0
0.139473
0
0
0
1.10477e-30
3.53719e-24
0
0
5.68987e-22
0
1.80963e-23
0
0
0
3.4696e-22
0.173698
0.0423668
0.042082
0.916734
1.09022
0.649119
0.585479
0.719131
1.04605
0.47446
0.0792572
0.55078
0.573076
0.995313
1.38101
0.0402349
1.03092e-28
0
0.0342483
0.0742278
0.142457
0.552548
0.3986
0
0
0
1.91619e-20
0
0
0
2.53857e-23
0
0
0
0
0
0
1.29987e-21
4.19115e-22
3.79653e-20
2.15306e-19
2.14904e-20
0
0
0
0
0
0
0
0
1.75145e-14
6.24022e-12
0
0.00458715
0
0.153305
0.0166901
3.95085e-32
0.0325553
2.51418
0.129474
2.42538
0.000225557
2.56062e-09
0
0.110402
0.1516
5.84112
12.8098
0.474268
9.02884e-16
0.0108679
0
0
0.32056
5.5559
0.00111061
7.30684e-22
0
2.96349e-31
0
2.86403
0.406824
1.8429e-09
1.14951e-19
0
0
3.42376e-35
5.24209
0.540027
2.7276e-23
0.0216456
11.216
3.28766
0.452067
2.16099e-17
0.0297719
1.81509e-15
1.40394e-15
1.17618
0.405794
0
0.00693767
2.21966
0.32605
0.485731
0.40697
1.94772
0.0503128
1.19596
1.67121
0.0708253
0
0
0
0.948684
2.65407
2.59599
2.61246
1.61964
3.39039
1.14251
0.863675
0.140898
0.0967493
0.152841
0.113632
6.7739e-21
3.41863e-22
0.0507752
0.157977
2.37126e-25
7.12894e-22
0.00168577
0.0267613
0.0369469
0
0
0
0
0.0831983
0
0
5.81429e-29
0
5.70155e-21
2.47542e-21
0.0534329
0.0313371
0.0126508
4.25621e-21
4.27817e-30
3.19454e-29
2.07201e-31
0
0
0
1.11192e-21
1.36843e-34
0
0
0
2.31985e-24
3.10028e-22
9.33711e-13
1.02051e-11
2.36477e-10
0
0
0
2.11066e-14
0.00836561
0.140225
4.68664e-08
1.53284e-24
0
0.00167621
3.6314e-27
0.873608
0.0430595
0.00525658
0
1.12002e-30
0
0.431572
0.476551
0.00554736
0.274493
0.00331329
9.75865e-29
1.24432e-26
0
0
0
0
0
0
0
0.184684
0
0
0
0
0
0.00517205
0.522924
0.644131
7.26564
2.78716
2.23894e-08
0.353487
0.0159792
0
0
1.62233e-13
0
0.189863
0.179213
0
0.0261509
0.0594661
2.90663
0.32652
1.24054
7.10288
3.8595
0.0427982
8.88267
1.18591e-17
0
0
0
0
0
0
0.160382
4.48707e-22
0
0
0
0
0
0
0.895663
1.65784
1.08309
0.892726
0.384134
0.0135938
0
0.0269006
0.504845
0.0141152
0
0.00454575
0
0.0205179
0.396819
0
0.116449
0.111489
0.347758
1.79033e-29
2.1203e-15
0
0.00815479
1.11629e-21
7.54073e-21
9.89058e-34
0.262734
0.0716499
0.034537
0.312946
0.714852
0.0200871
0.121149
0.062795
0.0981159
0
0
4.78573e-24
0.0483519
1.59279e-23
7.33705e-20
0.0646703
1.19272
0.000142418
6.4157
0.0276768
1.76474e-08
0
0.0173291
0.154808
0.0123051
0.00747669
0.0514212
0.238272
0.000518479
0
1.57212e-25
0.787986
1.39951
2.66571
5.49587
13.0571
13.8124
0.0316436
0
0
0
0
0.290266
0.0470976
0.080641
0.450299
1.28142
0.686133
0.202345
0.239475
1.55744
0
0
0
1.47094e-11
1.30389e-29
0
0
0.0114257
0.657439
0.0716608
8.79916
19.4925
1.57667
4.99709e-36
4.70388e-31
0.0191739
1.51502
0
0
0.131253
1.67851
0.735335
13.3491
0.157933
0.282156
3.5527
2.31871
1.58671
5.76694
17.7703
1.3023
4.10207
0.17528
0
0
0
0
0
0
0
0
0
0
0.0197553
2.24105
7.68922
7.29879
12.6377
0.0986687
6.7074e-15
0
2.97095e-22
1.99521e-17
0
0.191661
6.1226e-25
0.616804
0.528868
0
0
0.00187413
0.230493
8.27884
16.6056
2.29183
0.00564407
0
0
1.29659e-21
0.426627
0.0332071
0.20031
0.65512
0.0202561
0.621946
0.854265
0.0388562
1.73685e-20
0.00106714
0.00131703
0.0407113
0
2.25607e-23
5.45541e-22
0
2.70295e-06
0
0
0
0
0
0
0
0
0
0
0
0
0
0
0
0
0
0
0.767032
0
0
0
0
0.0111587
0.422064
8.38726e-08
0
0
0
0.0862608
0.197442
0
0.00784397
0
0.108087
0.18206
0.0431015
4.95513e-15
0
0
0.00332804
0.00303722
0
0
1.4295
0.952407
0.160227
0.000560455
4.42036e-13
0.753645
0.0627266
0.21316
2.02246e-16
0
4.14554
1.60992
1.32876
0.0370514
0
0
0.357838
0.0446206
1.12121e-18
2.11679e-18
0.00322194
0
6.31345e-28
0
0.18136
0.653196
3.53089
3.83079
4.04584
1.92373
1.62614
0.441336
7.50732e-19
0
9.50515e-20
0.301514
0.969111
1.68162
0.757428
0
0.063513
1.5043
0.0516149
0
0
0.12236
1.45411
0.00619953
0
0.00272649
0.982321
0.350162
0.39779
0.0436524
0.215472
0
0.0528735
2.51841
1.9552
2.67483
1.64428
1.42547
0.145696
0.72598
1.05155
0.575388
0.704775
0.257737
0.0152379
0.0355171
0.00117921
0.0282704
1.35733e-24
4.72923e-26
2.54454e-21
0.0050244
0.449451
2.17624
13.2664
1.15517
0.00430495
0
0
0
4.69886e-35
1.83781e-08
0.00206133
4.79851
4.76837e-09
0
0.815041
0.0146733
0.299473
1.22771e-23
0.848293
3.95007e-08
0.000858048
0
0.0079333
0
0
0
4.93192e-21
0.678687
0.625695
0.0424261
0.0331089
0.745972
0
0
0.690325
2.61038
4.46882
1.41207
0.0980779
0
0
0.248168
0
0
3.23089
21.7754
3.69888
0.163752
0.0207896
0.239988
0
0
0
0
0
0
0
0.00557752
0.55774
2.03163
0.162911
5.99926
3.86102e-10
0
0.00131549
1.77524
3.72919
8.51439
4.75053
2.89192
0.790423
0
0
0
0.341351
6.54268
0.734487
0.123513
0.0489072
0.349086
0
5.54205e-18
2.55489e-24
0.106188
0.177147
0.926899
0.256813
0.767549
0.859701
0.617812
0.321109
1.13029
3.22381e-24
5.79308e-28
0.000484161
0.255968
0.00497038
0.0611683
1.18827e-19
0
0
6.06387e-25
8.47317e-20
3.63868e-22
1.70958e-32
0.138775
0.554459
0.584122
0.101752
0.241844
0.0163561
0.0101692
0.0111417
0.00919525
0.737946
0.93352
0.129487
0.0427447
0
0.326066
1.77211
0.11513
4.07606e-06
0
0
0
0
4.38487e-35
0
0
0
0.062653
0
0.0702648
2.84909
1.3437e-05
0.643874
6.58332e-07
0.000449558
0
0
0
0
0
0.266045
8.14864e-24
4.49158e-24
0.0339114
0.196826
0.00118132
0
0.173348
0.522363
0
0
0.00337681
1.04664e-24
0.186266
0.0216573
0
0
0.089077
0
0
1.07441e-31
0.05843
2.65245
8.61914
2.68345
0.0482345
8.91785e-32
4.22877e-15
0
1.52697e-10
1.5392e-11
0.330135
4.56672
0.2845
0.472426
3.04074e-25
0.000508712
0.416685
0.0173868
0.93013
0.00440429
0.466395
0.027585
0.00644355
2.22729
4.99298
13.5105
0.980506
0.00803998
0.0792797
0.257261
0
0
0.0116605
0
0.0401581
0.272715
0.283592
0.0518904
2.32979
0.209621
0.124358
0.233596
0.013832
1.1273e-22
0.234263
0.136777
0.0122657
0.0608746
0.0156329
1.69396e-21
0
0.21915
1.71096
0
0
1.09906e-17
0
0
0
3.18329e-22
2.2602e-06
0.13376
0.228137
0.124771
0.0506388
0.230639
0.466153
0.322857
0.0154921
0.0304635
0.0880629
4.54794e-20
0.0099873
5.5556e-23
6.98372e-24
6.14359e-14
2.61128e-30
9.54265e-05
2.16597e-20
2.11753e-20
2.06863e-25
5.26564e-15
0
1.93184e-22
0
0
3.60043e-21
0
0
0.139098
0.0215268
0
0
0
4.09636e-18
3.77138e-15
0
0
0.0830149
0
4.46453e-25
0
0
0.625216
0.416724
1.45069e-26
0
0
0
0.13225
0.991208
0.748794
9.93766
2.29396
0.0760658
0.00819591
9.94476e-05
1.84706e-10
3.53205e-20
0.00100519
0
0
4.17795
0.314412
0
0
0.0431423
0
0.0442314
11.6572
0.000776282
0.0571816
0.814027
0.000370739
0.375345
1.62157
3.20643
1.21681
0
0
0
0
0
0
0
0.000299896
2.00026
2.09854
1.38797
1.17685
0.0357057
0.295124
0.270446
0
4.81576e-17
6.94614e-18
0
0
0
0.00731901
0
0
0.00854129
0
8.45197e-19
0.202472
0.157878
0.0979491
0.0345138
0.205093
1.63461
0.0384649
0
0.020497
0.571317
1.59189
0.0369392
0.175855
0.0353344
0.109409
0.170435
0
0.331705
1.15241e-32
0.00127873
0.0222713
6.7513e-24
0
0
0.25238
0.0664397
0.0258718
0.239551
0.0635692
0
2.77551e-09
0.0040946
0.037103
0.0372285
0
0
0.0400845
0.000429204
0.000300313
0.000177702
0.00561649
6.74157e-06
0
4.19645e-20
0
5.51063e-15
0
0
0.025577
0.678612
8.45984e-09
0
5.50502e-22
0
0
0.238056
0
7.20819e-22
2.31321e-15
0
2.6015e-15
4.59309e-22
13.6004
0.537805
1.43854
1.93746e-11
0
0.00325365
0.217382
0.0255958
0
0
0.668808
0.666094
5.80094e-31
0
0
0
0.161256
1.49634
0.592715
1.89353
2.62264
1.16832
9.41774
7.0263
0.0315953
0.549405
0
0
0
0
0
0
0
0.502046
0.202676
0.00208393
0.000663841
1.82607e-18
0
0
0
0.0592596
0.737551
0.763412
0.00961763
0
0
0
0
0
0
2.88528
3.67523
3.47124
2.06618
1.66219
0
2.15897e-28
3.50496
0.456292
0.0226948
0
0
1.13483e-31
1.05585
2.00356
1.39155
1.78394
0
0
0
0
0.106546
0.300471
0
0
0
0
0
1.00314e-20
4.62399e-26
0.424476
0.0913391
7.83682e-24
0
0
4.83213e-30
0
0
8.71528e-27
0.0330156
0.246226
3.26203e-20
0.104845
1.12504
1.24544
0.332769
1.68229
0.0206043
0.0180232
0.435008
0.760955
1.01058
0
0.0553457
0
2.46872
0.0378757
0.0662856
0.758221
0.398618
0.107779
0.00755292
0.0395072
0.359085
6.18273
0
0
0
0
0
0.000655075
0.238123
0.357641
0.509469
1.71249
7.8476
0.0598203
2.60102e-06
0.887164
0
0
0
0.804759
0.402922
0.0405961
0
0
0
0.000110822
0.105981
0.598734
0
0.784727
0.690754
1.25327
0.962713
0
0
0
0.0339014
0.0131367
0.000146571
0
0
0
0
0.0987946
0
0
0
0
2.1615
0.452081
0
0.00965161
0.0042819
0.0254833
0.0776705
0.671841
0.129278
0.623279
0.939821
2.14869
1.62816
1.09221
1.11543
0.284008
0.0610343
0.240632
0.0346182
0.0441243
0.348232
0.242536
0.23498
2.41688e-20
3.27427e-22
1.98054e-06
0.132258
1.07958e-30
0.0343031
0.0267084
0.0502988
0
0
0
0
0
0
3.72695e-30
9.96398e-23
7.75018e-23
0
0
0
1.34433e-23
7.17871e-24
5.48835e-23
1.55883e-31
0.230253
0.00335579
0
2.17354e-06
6.92281e-09
0
0
0
0
4.0626
7.64083
0.00300151
0.00122824
0
0
0
0
0
0
0.0040017
0.263149
0.0178317
0
0
0
0
0
0
9.38017e-29
0
0
0
0
0.00585971
1.98393e-22
0
0
0
0
0
0
0
0.00798603
0.00363575
0
0
0.00169738
0.636554
0.431887
0.756888
0.118238
0.0602507
0.00320244
0.00164725
0.0543378
1.82273e-34
0.240318
2.12418
1.37269
1.35515
0.397981
0.144865
0.0558783
0
2.44849e-26
0.281242
0.364035
0.0286806
0
4.65765e-05
0.127537
0.179092
1.10151
0.672106
0.57885
0.39339
0.246534
1.38692
0
2.39632e-34
0.192874
0.385057
0.0236246
1.67983
1.76938
0.513176
0
1.61464e-20
0.00455982
1.80408
0.00218671
0.692322
0.52291
0.305561
0.591272
0.00653831
0
0.0369937
0.0977377
9.43008e-21
5.27611e-21
0.00165859
0.0352462
0.165779
0
1.91444e-23
0
0
0
0
2.29618e-32
0
0
0
0
0
0
1.36894e-26
5.60927e-22
1.66418e-21
0
0
0
1.91457e-22
0
0.155035
0.027304
9.45253e-05
3.38375e-18
2.38373e-09
0
0
0.454455
0
2.22045e-30
6.60491e-36
3.2121e-28
0
0
0
0
0
0
0
0
0.174615
0.068357
0.0130412
0.0289745
0.745015
0.393331
0.00170729
0.392791
4.28988
0.426088
0.0224053
0
0
0.0197481
0.450465
0.610368
0
0.00103268
3.03569
3.93762
7.67409
1.60446
18.8485
7.98634
0.00536382
0.000215197
0
0
0
0
0.119093
0.032325
0.0849758
0.695367
5.65581e-17
7.17272e-23
0.00134112
1.06063
2.45882
0.271864
0.00271467
0
0
3.59089e-27
0
0
0
0
0
0
0
0.25101
1.07697
4.15727
0.29495
1.11514e-26
8.16986e-20
9.30874e-22
0.000771365
0.703091
1.17483
0.533367
0.0223145
0.321599
0.341203
1.92568e-23
0
0
0
0.000927803
0
0.000132395
0.0837373
0.00144525
0
0
0.00694649
0.00487864
0.161275
4.07023e-23
2.86285e-19
1.64604e-19
0.00338369
0.0636929
0.190254
0.447426
0.225561
0.0532127
0
0
0
2.28849e-31
3.67404e-24
4.60005e-21
2.97773e-19
0.226105
0.345543
0
0
0
0
0
0
0
0.111139
0.0125572
0.0625927
2.16877e-15
0
0
1.12562
0.484971
0.0025185
0
0
0
0
0
0
0
0.115057
0.917767
5.30224
2.60357
0.0313954
0.0940717
6.4278
8.02306
1.74703
4.20367
1.21652
0
0
0
0.000119501
0.305266
0.00614756
3.06016
4.2281
2.80023e-24
0
0.588398
0
0
0.0329903
0
0.0648688
0.158364
0.00152536
0
0
0
0.191624
2.33141
0.386148
0
0
0
0
0.298864
0.0128834
2.49019
6.98173
1.16971
0.000354367
0
0
0
0.00567202
0.86923
1.44775
0.0900941
0
0
0
0
0
0
0
0
0
0.0162812
0.857641
0.527264
0
0
0
4.72169e-27
6.50458e-23
7.70689e-18
0.00987171
0
9.54622e-24
0
0
0
0
0
0
2.54517e-23
0.00203144
6.07431e-20
8.17829e-21
0
0.0597235
5.97545e-23
3.21017e-22
1.18754e-22
1.09613e-20
1.45674e-19
1.59957e-20
0.0059452
0.0137757
0.0129618
0.00203408
0
0.151942
0.0340034
0
0
0
0.00162343
0
0
0
0.019385
0.100386
0
0
0
0
1.18123e-14
0.0989435
0.00517614
0
0.0254612
1.93727
0.037034
1.05832e-34
0
4.60471e-30
5.751e-23
0
0
1.23755
3.17128
1.24479
7.83034
2.74094
0.290201
0.333938
0.00723672
0.000245923
0.00118625
0
0
0
0.455699
0
0
0
0
2.19698e-22
0
0
0.0261472
0.252389
0
0
0
0
0
0
0
0.478453
0.0890324
0.111688
0
0.157807
0.0484753
0.0272725
0.0953627
0.163564
0.272239
0.712592
0.0975759
1.93335e-21
0
0
0
0
1.01839
1.5195
1.07763
0
9.9968e-11
0.071891
1.70014
2.02667
0
0
0
8.0815e-32
0.0150544
0.090651
0.00120193
0.517631
0.934735
0.823899
0.178546
6.96751e-20
0.950037
1.96753
1.01041
0.49521
1.81337
4.19319
2.64331
1.58782
0.197837
4.43313e-24
0
0
0
6.59863e-28
3.23816e-27
0
1.6368e-20
0.032579
0.189187
0
0
0.00554339
0.0878973
0.118075
0
0.0524783
0.00667497
2.89422e-18
2.3686e-11
0
0
0
0
3.31893e-20
0
0
0
0
0
0
5.87615e-28
0
0
0.0179189
0.181196
0.000575856
0.0991931
0
0
0
0
0
0
0
0
0
0
0
0
0.00537339
1.02517e-23
0.0128778
0.00257506
0.00953747
0
0.0323901
1.78359e-10
0.0235004
0
0.0393063
0
0
2.93628e-35
0
0
0.0318951
0.760883
1.02054
1.1747
0.204073
5.04673
0.212941
0.0174179
0
0.141194
1.22676
2.68766
0.000137608
0.74009
0.184623
0.881386
0.185014
2.28368
1.96138
2.00198
0.0150117
9.37921e-16
0
0.000347885
0
0
0.0174106
0
0.567198
5.64044
8.1053
1.63069
0.0402227
0.50838
0.0773341
2.83693
2.3886
2.98753
0.24141
0.117294
2.44083e-19
0
0
0
0
0
0
1.33982e-25
0.00111343
0
0
0
0
0
0
0
3.81453e-27
3.48941e-22
3.57984e-20
0
0
3.7411e-24
7.72953e-30
0
0.320781
0
0
0
0
0
0
0
0
0
0
0
8.37683e-10
0
0
5.8781e-26
6.89798e-10
9.32232e-11
0.241767
2.37294
1.26138e-26
0.0144579
0.172181
0
2.67725e-27
0.00182122
1.2479e-09
0.170741
1.52185
9.99224
0.326047
0.854446
0.269053
2.05007e-24
0
0
0.0842516
0
0
0
0.0467032
0.617389
4.06061
7.05066
6.70471
2.67623
0.669174
1.31582
0.887579
0.204436
0.860267
0.528969
0.00548043
0.597363
0.0842407
0
0
0.00583984
0.0100257
0.130082
0.921343
0.951398
0.0172696
0.0190869
0.150891
0.0396397
0
0
0
0
0
0
0.00366437
0.964421
0.507381
0.118096
0.437649
0.745252
0.826044
0.0419758
0.0132796
0.000210814
0.836794
0.642907
0.0163444
1.04165e-19
0.085555
3.36485
8.39735
0.819226
0.326705
5.2674
0.425441
2.54716e-15
0.00085764
0.0147468
0
0
0
0
0
0
0
1.46222e-19
0.0155698
0.0376917
0.0731484
0
5.8787e-22
3.46814e-24
0.0156833
0.248178
1.15906
0.221496
4.10305e-17
0.00651243
0.235473
3.99675e-20
0
4.16975e-20
0.0807972
0.000282437
0.000302818
0
0
0
0.894319
3.84022
3.17891e-09
0.0208334
0
0.00839476
1.12219
0.310329
0.45999
1.00462
0.0492302
0
0
3.69641e-15
1.75025e-15
0.00031324
2.00764e-26
0.0285043
0.181642
0.0367083
1.63213e-15
0
0
0
0
0
0
0
0
0
0
0
0
0
0
0.0352626
0.0368029
0.0829799
0.0328001
0.0301426
0
0
0
0
0.122495
1.54533e-35
0.00313714
0.0609889
2.16937e-19
1.03812e-21
0.0137684
0.6068
0.607706
1.07442
0.191183
0.287002
0
0.247466
3.23107
9.07687e-24
4.93038e-34
0
0.388
0
5.9202e-33
0
3.52549e-08
3.19736
1.50505
0
0.00180237
1.01565
1.29472
1.41386
0.0549557
0.00561442
0.666098
1.11672
1.02312
0.127456
2.84077
0.855294
0.310558
0.000940165
0
1.74506e-24
1.11739e-23
0.144072
0.716905
4.02008
4.22878
2.3753
1.86264
0.810295
1.16849
0.921201
0.332648
2.19823
1.19569
2.02425
0.00091535
0.00428361
0.588435
0.440272
0.00461277
0
0.00365225
3.42592e-05
0
0.0508161
0.0387428
0.00156114
0.0977507
5.64819e-19
4.16868e-22
0.176697
0.00488665
0
1.56866e-23
1.13596e-21
0.900919
0.0156415
0.000210411
0.0432248
0.178171
0.0266601
0
0.0480505
0.122441
0
0.0656638
0
0
0
0
0.000382509
0.0596163
0
0
0.19685
0.181964
0
0
0
0
0
0
0.0745454
0
0
6.91638e-30
0.00195917
0.000169608
0
0
0
0
0
0
0.0035558
0.0318826
3.08689e-21
0
6.0476e-22
6.61907e-25
3.58328e-18
0
0.0145997
0.306416
0
0.0173887
2.83912
4.88199
0.0313774
2.00898e-19
0
0
0
3.1538e-19
0
0.202145
0
0
0.00608049
0.428212
0.905399
0.908735
2.71727
0.929167
0.297776
0.381114
1.41957e-17
0
0.0110962
0.0810658
0.226298
0.11454
0
0.00398035
0.0817918
0.635878
3.30809
1.56246
2.32264
0.524936
0.298149
0.529026
0.401608
0.308285
0.523206
0.613782
0.91497
0.0153014
0.141124
0.956276
0.237984
9.25141e-19
0.000364796
0.0826803
0.307655
0
0.0112976
0.514091
3.33786e-08
1.06226e-20
6.22687e-21
0
0
0
0.00125759
0.0774362
0.00459167
0.00314206
0.0153112
0.559689
0.0421879
0
2.79752e-34
0.155913
2.30012e-28
0
0
0
0
0
1.6986
0.399781
0.341414
0.544718
0.224562
0.0285102
0
3.66608e-17
4.54506e-21
0
0.0304169
0.253115
0.0081831
0.00105635
0
0
0
0.00684744
0.263798
5.70459e-15
0.0217171
0.00330328
0
1.53079e-25
0
0
0
0
0
0
0
0
0
5.69216e-27
0.0130367
0.075963
0
0
0.00707812
0.83853
0.00105988
5.84953e-17
0.00228763
0
0
0
8.35578e-26
0
3.58826e-31
0
3.04746e-34
0
7.70951e-27
0.0474182
0
0
0
0.00923964
0.49461
0.837802
1.16438
6.56295
7.62048
1.09501
0.33698
1.71595
0.152352
9.26136e-31
0.00278042
0.173649
0
0
0
0
0
0
0
5.05932e-32
2.40828e-20
0.0150094
0.381033
1.02624
1.47197
1.36072
1.13418
0.0210948
0.0204415
0.0240135
0.00108339
1.59985e-22
0
0
0.249894
4.51866e-24
9.7575e-21
2.7668e-20
2.23358e-19
2.64469e-25
0
0.39346
1.88833
1.88581
0.135388
5.14724e-19
3.06451e-26
0.483028
0.160325
0.0504859
1.31608e-31
5.69063e-21
0.000120506
6.353e-23
0.223338
0.772902
0.808671
0.441941
0
0
0
0.16476
0.666134
0.692229
0
0
0.00876927
2.25744e-08
0
1.02292e-32
0.621188
0.144827
0.0211143
0
0
0
0
0
0
0.117739
0.288191
0
4.22837e-34
0
2.54172e-25
0.0163954
9.15851e-14
0
0
0
0
0.0034998
0
0.163461
0
0
0.00337828
0.254553
0.0581025
0.00689507
0
0
0.137682
0
0.0408047
1.0039e-22
0
0
2.20718e-05
0.0128674
0.644489
0
0.233399
0.0613433
2.62524e-12
0
6.22678e-06
13.2945
0.722237
0.0388724
0.195116
0.00973337
9.39085
1.02791
0.602572
0
0.275787
0
1.58136e-29
0
0.0333745
0
0
0.0188898
0.111847
0
0
9.52824e-34
0
0
0.0100965
0.411365
0.367864
0.326277
0.00463404
0
0
0
0.085613
0.447146
0.953128
0.311388
0.0615721
0.17523
0.228495
0.246624
2.21535
3.22745
3.73524
4.21051
6.72446
2.29522
0.0992146
0.602351
0.825939
0.0125448
1.55604e-22
0.0418298
4.99658e-20
1.69936e-20
2.73532e-20
0
0
0
3.32434e-21
1.16215e-21
1.95716e-23
3.07726e-25
0.0705262
3.0645e-15
0.00049522
6.61716e-11
6.65187e-06
0
0
0
0
0.0278937
0.859062
0.827103
1.05519
0
0
0
0
0
0
0
0
0
0.0535471
0.306529
0.0146508
0
4.72415e-06
0.000827349
0
0
0
0
0
0
0
0
0
0
0
0
0
0
0
0
2.52103e-17
0
0.161526
0.153454
3.78624
3.99077
0.298025
2.12539
0.08238
4.78245e-15
6.8222e-25
0.174959
0.12425
5.34214e-24
0
0.0175048
0.607882
4.39985
3.0125
1.03325
2.0604
2.41211
1.52639
0.381058
9.21164
3.04454
0.47068
0.612264
2.17004
0.198749
0.848836
0
7.27151e-19
1.63137
0.0945458
1.00687
0
0.0252502
0.458787
3.99955
0.146564
0.0519851
0.0164543
0.560173
3.90848
4.41037
0.544911
0.541762
0.828891
1.23434
0.337617
0.0327936
0.175422
0.0236034
0.171185
0.855368
1.42632
0.155582
0.0187067
0
0
1.36214e-18
1.30933e-19
2.77746e-22
0
0
0
4.32865e-24
3.07237e-29
2.01198e-21
4.46407e-19
0.0188939
0.00815447
5.08551e-21
2.08849e-22
1.53286e-31
