2.63371
5.83006
7.02148
6.3862
4.48762
18.3904
2.94761
13.242
3.8809
6.96139
2.22937
5.38382
5.25835
2.24833
2.75583
3.87522
6.65348
2.24396
4.97377
7.39831
4.67568
4.25606
6.30746
5.90423
13.0098
8.13313
5.82753
2.26789
7.08968
2.34418
13.1056
17.0986
4.36519
2.34312
2.53774
6.67804
2.73092
3.77508
2.8916
2.3531
4.03514
9.7005
2.31627
3.38293
4.46623
11.7456
3.77281
3.92526
2.27458
10.2888
14.9286
6.10187
3.56131
2.95956
2.55459
7.15807
7.4503
2.67173
3.75695
5.8116
4.40831
9.2597
30.9941
4.14968
3.32327
3.29869
3.75972
4.11558
5.39246
3.83037
8.62569
6.61432
2.21789
8.61003
6.46476
7.84701
4.79832
11.6955
2.81634
2.48939
11.4244
3.77951
2.92306
3.25419
5.57085
4.25642
2.49458
4.11439
6.19423
15.1114
5.78747
4.48589
8.26776
5.84385
2.74744
2.21606
2.71732
4.30437
8.57626
5.10675
3.09362
7.67268
2.65469
8.5294
5.84767
2.60326
3.89472
9.62485
13.4402
8.53527
19.9513
2.44
10.7506
4.47709
5.21451
18.6729
4.85051
2.49446
5.72049
8.40679
13.1444
6.83729
16.1578
3.79283
2.87423
3.34588
4.97612
4.20298
3.02479
2.57414
2.39539
14.8886
2.48997
4.11988
5.66536
7.11162
2.88973
2.40976
20.6252
5.0797
2.86817
6.76703
2.27962
4.05929
8.53322
4.80613
2.62208
6.88764
3.23939
3.08744
12.3655
5.04187
3.9576
5.84761
13.256
12.0088
3.23979
3.82061
13.137
3.55268
2.44658
14.1214
2.65742
6.49896
7.05735
4.12221
5.67683
3.62239
2.89681
3.27253
2.21581
2.75405
7.9537
6.92481
2.2566
3.11736
8.10014
2.25978
3.27749
2.63862
2.65442
9.43756
17.8667
13.0087
2.78571
4.93691
4.78734
4.85883
7.34999
3.4848
2.81219
3.63053
2.73216
8.85179
3.13017
7.775
2.68249
2.45288
3.35119
2.39759
3.93761
2.68118
4.57004
5.89016
9.21506
2.45015
3.50328
3.43497
13.899
4.70915
7.57516
8.17144
4.25936
2.35141
9.42548
8.25249
3.76281
3.64203
2.87463
2.65655
3.12029
3.66695
3.09587
7.44275
3.71001
3.15368
6.43606
10.8927
15.8119
3.38495
10.3593
3.05897
4.19316
3.68689
6.9762
2.3344
2.30725
2.80114
2.45776
2.4755
7.68509
3.72974
2.85989
4.32613
3.98512
7.86966
