0
0
0
0
5.23249e-36
0.00230759
0.026052
2.61104
4.96226
0.0764187
0
0
0
0.000155368
0.436667
0.000112899
0.00183613
0.230784
0.461527
0.0235976
0.0948739
0.0928623
0
0
0
0.0649363
0.126915
0
1.50924e-15
1.98404e-22
0.120207
8.44013
3.39632
0.0778934
5.09154
14.9291
1.27111
0.172689
0.529504
0
5.57993e-11
0
0.481922
0
0
0
0.797645
4.33095
0.0888423
0.0104289
0.905261
15.2205
0.697154
0.0124971
0
0
0.00923216
0.031081
0
0
0
0
0
0
0.350765
0.00356842
0.021288
0.957748
0.0381923
0
0
0.567192
0.152535
0.00174303
0.00210988
0
0
0
0.000226977
0.0014453
0.0104436
1.44939e-19
0.0560586
6.99921e-21
0
2.5883e-25
0
0
0.0195273
0
0
2.1364e-19
0.0149949
0
0.065375
0.0495708
0.00559568
0.924915
0.368868
0.00712341
0.0439033
1.15985
3.57088e-29
0
0
0.0400071
0.0120902
0.0939698
0.00293
0.00750106
0.0511199
0
6.00477e-26
1.29145e-21
0
1.57681e-26
8.53802e-33
2.7387e-22
1.82432e-21
9.80582e-22
0
0
1.81578e-14
1.90883e-12
6.3696e-16
0.0537536
0.62096
0.0170345
7.12817e-25
2.41253e-09
0.0024853
0.0530345
0
1.96892e-12
2.21583e-22
0.0238201
1.26841e-18
0.0268131
0.0261994
0
1.43507
0.0622875
7.23298e-15
2.6322e-19
1.56577e-25
5.12751e-24
4.67197
5.53147
0.120832
1.40717e-17
4.14808e-08
1.51818
0.159746
0
0.0260793
0
0
0
0.374738
3.84816e-09
1.04179e-08
0.613061
2.04873
1.26065
0
0.0350025
0
7.66552e-20
0.00578772
0.485086
0.445094
0.0436134
7.30508e-20
3.26277e-13
0.289248
0
0.180197
0.0010867
0
0
0
1.05171
5.74975
6.01412
2.35908
0.103814
4.68715
4.7458
6.42029
3.27795
8.35929
10.1534
5.99454
3.58252
0.0744099
0.00265594
0.354526
0.0437358
8.4339e-05
0.00497384
0.704126
0.15833
0.625558
8.47768
0.758222
0.0506769
0
0.00046478
0.247368
0.207632
0.498296
0.0312929
0.335475
0.142536
0.549093
1.40295
6.27012
17.3768
13.6257
9.919
2.06612
0.315427
0.790957
1.28754
0.186739
0.228584
0.179223
0.0651099
0.263349
0.107432
4.91014e-24
0
0.0753594
0.17448
0.36556
0.391037
0.146778
0.191772
0.108515
0.00928086
6.38106e-22
0.0309326
0
1.21212
0.112851
0
0.00317577
4.40708e-07
7.28318e-17
0
0
5.64833e-32
0
0.034028
0.000113018
3.08351e-14
4.16548e-27
6.92527e-27
0
0
0
0
7.72335e-23
0.000986936
6.2016e-05
5.91129e-11
0
0
0
8.63897e-08
0.000513835
1.56564e-12
2.2095e-11
6.47491e-30
0
0
0
2.02888
0.0136452
0.0190767
3.29484
1.66884e-05
0.00187201
0
0
5.63415e-27
0.793679
8.11798e-11
0
0.000105501
0
0
0
0.423335
2.33032
1.12006
0.862385
1.35677e-16
0
1.44765
2.10102
0.191983
5.60037e-14
1.40818
0.286426
0
0.173271
0
0.00190152
0.0150807
2.03102e-14
0
0
0
4.51235e-05
0
0
0.152415
13.4466
19.5514
0.0487246
0.345481
8.75903e-19
0
0.031763
1.16291
6.65477
2.62857
0.222365
0
0
0.0789378
0.994017
1.59051
0.744368
0.439085
1.42646
0.119415
0.216887
0.342502
0.0376506
3.8758
8.67982
3.04273
3.92894
3.23046
1.25262
1.07135
0.0303399
0.0139535
0
7.62638e-23
5.50448e-20
0.184738
0.421581
0.368764
0.113807
0.372906
0.106266
0.00636803
1.81868e-11
0
0
0
2.02266e-13
1.79848e-22
0
0
0
0
0
0
0
0.0203289
0.00135213
0
1.33019e-27
0
0
0
0
0
0
0.00916505
9.70989e-08
0
0
1.57134e-12
1.6427
0
0.0117613
0.00850698
0.350851
0
0
0
0
0
1.44006e-21
0.000258721
7.62542e-26
0.000501762
0.288563
0.129305
0.900888
2.67379
1.88658
1.85506e-27
0.59175
0.667188
0.0537838
0
0.233756
0.870075
1.12436
0.0276597
0
0
0.433329
0.713307
0.00718218
4.81211
0.604145
0.0249851
0.0732054
0
0.241984
0.222874
0
0
0.0066219
13.3339
0.556863
0
0
9.4847e-18
0.0718683
1.13846
2.72069
0.856183
0.220827
0
7.86842e-20
2.30124e-25
0
0
0
0
0.0219581
1.7398e-25
0.209389
1.0754
1.82509
0.0405777
5.22772e-21
2.43142e-20
0.0432313
0.0878549
0.690503
0.178779
1.52347
0.961979
0.328654
0.0538708
0.0112871
0.489944
0.442548
0.0519307
0.0144843
0
0
5.3069e-23
0.0529072
1.90636e-22
0
0
8.19802e-21
0
0
0
0
4.573e-11
2.78081e-17
1.9832
3.54011
0.00700097
0
0.176596
0
0
0
0.138698
4.20067e-23
0
0
0.0906285
5.21311e-20
0
0
0
0.0827547
0.597098
4.25347
5.41849e-25
0
1.29441
12.3889
1.53123
1.14313
0.0384937
4.82873
3.03778
3.67382
0.119064
0
0.037721
0
0
0
0
1.81192e-22
0
0
0
0
0
0
0
0
1.25181
0.0354391
2.33563
0.000963584
0
0
0.386014
0.00432866
0
0.0291959
0.0442138
0.149509
10.4871
0.684006
20.8794
6.46578
1.7954
0.210308
2.3701e-19
0.0717911
1.2596
4.29624
2.03871
3.6906
1.35106
1.42843
2.92343
3.59661
0.174856
8.58221e-24
0
0.429501
7.37542
9.80548
0.751739
1.35311
0.133932
0.0524467
0.0126057
0.526612
0.822911
3.1336
0.00627013
0
0.142833
1.82026
1.43801
0.560861
0.0337761
0.0338947
0.00829674
0
0
0
0
0.117829
0.533146
0.510735
0.85335
1.57458
0.0459426
0.0226566
0
4.30927e-23
0.015797
6.08851e-21
7.26044e-22
0
1.85481e-22
0.0446461
0.146282
0
0.0287109
0.00646537
0
0
0
0.979223
0.486575
0.000150064
0
0
0
0
0
0.175888
0.51052
0.000356186
0.122802
0
0
0.00816951
5.18634
0.013054
0.894918
0.402412
0
7.03965
3.37549
9.10425
28.3775
0.00159652
0.00835708
0.033311
2.79457
0.158352
0.0613605
0.0186848
0
0.02274
7.82641e-10
0
3.12889e-19
0
1.469e-18
0.00273862
0.122613
0.495523
1.4046
0.888491
0.041305
0.0371819
0.486677
2.44868
0.0549506
1.22902
0.341075
0.0267318
0
4.00555e-31
0.101342
0.0807878
0
0
2.06661e-15
0.0138601
1.78903
5.84781e-26
0.000523063
3.62924e-22
1.39422e-30
0.000419772
0.500861
1.83725
2.49159
1.19802
0.623123
0.0091863
0
0.000339353
0.129213
0.449721
0.114018
0.0722225
0
0
2.44114e-30
5.00698e-21
3.52458e-32
0
0.0959737
0.099029
0.18288
0.0140349
0.152486
0.0139677
0.224624
1.74578
2.40534
3.74847
0.557518
0.29165
0.757631
0.485633
0.675078
0.772051
0.199095
0.648717
0.924912
0.165054
0.083136
0.275147
1.28656
0.408428
0.0751436
0.270129
0.586483
0.0337254
0.0724261
0
0
0.0251566
1.50128e-07
0
0
0
0.314582
0.518179
0
0
0
0
0.440471
0
2.15962
0.337286
0
0.000200431
4.05254e-13
1.24823
0.421704
0.00739929
0.0208907
0.273748
0.0198939
0.0433178
0.40476
0.207374
0.0132728
0.178247
0.0533863
0
1.24981e-13
0.0677423
0.0375306
0.59645
0.610093
0.0294125
0
0
0
0.135565
0.0203904
0
0
0
0.101377
0
0
0
2.6445e-13
0
0
0
0
0
0
0
0
0
0
0
0.146987
0.0649895
0.233691
0.615985
1.66683
3.22346
6.28513
6.38393
7.79043
4.8423
10.8726
5.79137
1.77561
0.0435351
0.21439
1.0314
0.313016
0
2.58982e-21
0.000206683
0.123914
0.643872
6.12765e-10
0
0
0
1.39975e-18
0.00753026
0.197428
0.011072
0.0529376
0.017152
0.0111426
0.0075012
0.003153
0.0711401
0.0575524
0.103422
0.00459069
1.87791e-21
0.00374409
0.110024
0.038052
0.00105416
0.0522128
0.613192
0.081187
0
3.17502e-19
0
0
0
0
0
0
0
0
1.50471e-22
4.4606e-23
5.15222e-23
0.0005439
1.49781e-06
0.0212859
5.12462e-22
0
1.86448e-13
0.107413
0.374501
0
0
1.89026e-15
2.49358e-09
0
1.89175e-34
1.44259e-30
0.0124964
0.713241
2.49446
10.6631
5.89502
0.00989992
0
0
0
0
0
0
0
0
0.379743
0.00052954
6.14329e-05
0.019417
1.83157
0.199073
0.0293007
0.00350367
0
0.786419
8.29304
0.0559758
3.20226e-06
0.0360279
0.957053
0.0345409
0.222034
1.04925e-14
0
0.688147
0.27878
1.31917
0.719482
0.304055
3.31846
0.124922
0.00229823
0
9.64954e-13
0.274615
2.08759
9.89574
0.876457
0.0594581
3.6631e-15
0
0
4.16443e-22
0.00408309
0.118825
2.50008e-17
0.0289204
5.39653
0.140647
0.0141079
3.11133
14.9963
5.56054
3.98474
0.308938
0.602646
0.384744
0.00623726
0.0794293
0.521698
0.493544
0.368438
0
0
3.29439e-13
0.130206
0.368426
0.152416
0.114626
0.574404
0.466817
0.571233
0.118848
0.119982
0.248264
0.00103251
1.44319e-32
0.114562
0.0013251
0.00349524
0.0315724
1.9522e-21
4.83065e-32
3.52716e-19
0.00733661
0.0263489
0.0161347
0.321025
0.125283
0.0742813
1.92106e-24
0
2.33127e-05
0
0
0
0.0230988
0.612562
2.93869
0.258858
0.00201807
0.0550601
1.13335
0.17281
2.85811e-11
3.02866e-13
0.00512946
0.0231074
2.04427e-35
0
0
0.171307
0
8.93266e-15
0
0
0
0
0.0100533
0.434117
0
0
0
0
0
0
0
0
0.0759031
0.122684
0.79794
0.480152
9.5377
0.572936
2.2317
0.288939
1.78023e-27
0
0.0943541
0.267693
0
0
0
0
0.00515894
0.204051
0.0260281
0
0.00254853
0.0619736
0.655812
0.41115
0.0655479
3.2824
1.18663e-29
3.1691e-17
0
0.243854
0
0
0
2.45845e-30
3.12592e-21
0
0
6.17649e-22
0
4.12277e-23
0
0
0
5.47661e-05
0.200176
0.0383588
0.0551195
0.960402
1.4284
0.77489
0.608738
0.775163
1.24247
0.51224
0.131939
0.466084
0.702546
1.19297
1.77811
0.106522
4.21299e-28
0
0.0817637
0.157456
0.140155
0.671489
0.805649
0
0
0
2.37451e-20
0
0
0
3.65053e-22
0
0
0
0
0
0
9.29589e-21
0.000195014
0.00681416
0.00106262
8.8402e-20
0
0
0
0
0
0
0
0
1.76561e-13
3.49181e-12
0
0.00381173
0
0.167526
0.016955
4.30615e-32
0.0336963
2.74034
0.254295
2.96379
0.000204576
4.21887e-09
0
0.13618
0.161605
5.96602
13.0396
0.539294
1.38962e-15
0.0112588
0
0
0.313768
5.67727
0.00109884
7.34301e-22
0
1.23811e-32
0
2.34393
0.813751
1.84286e-09
1.76424e-12
0
0
1.42253e-34
5.00577
0.938695
2.62742e-23
0.0495837
11.1915
3.38281
0.491681
2.36533e-18
0.0256902
2.39225e-15
1.98731e-15
1.52732
0.6118
0
0.0135222
2.32351
0.577619
0.610354
0.491294
2.28567
0.154079
1.43579
2.11206
0.0798925
0
0
0
1.17126
3.0693
2.95437
3.11791
1.77857
4.13633
1.92774
1.10807
0.234149
0.107086
0.27109
0.221742
0.000729653
0.00780597
0.1219
0.280935
1.51053e-24
1.12875e-21
0.0011712
0.0341485
0.0403821
0
0
0
0
0.0812426
0
0
1.94047e-28
2.38173e-34
3.81852e-20
3.84165e-21
0.0539029
0.0221573
0.00165716
4.08051e-21
8.24728e-30
3.05596e-26
1.23944e-32
0
0
0
3.14346e-21
1.2009e-33
0
0
0
0.00228454
3.52514e-22
2.87777e-12
1.06721e-11
2.36516e-10
0
0
0
5.69234e-14
0.00759795
0.140657
4.66604e-08
1.54159e-24
0
0.00240095
5.78956e-27
0.911898
0.0495025
0.00559771
0
7.01372e-31
0
0.433372
0.492055
0.0087211
0.275604
0.00345726
8.91608e-29
1.21655e-26
0
0
0
0
0
0
0
0.203224
0
0
0
0
0
0.00429743
0.525447
0.824276
7.40476
2.82311
3.05383e-08
0.713806
0.0181932
0
0
1.70235e-13
0
0.235137
0.169426
0
0.0235213
0.154448
2.87768
0.341198
1.48665
7.54213
4.31202
0.0259392
8.70534
0.00498157
0
0
0
0
0
0
0.175841
0.0120038
0
0
0
0
0
0
0.953975
2.05256
1.32807
1.18631
0.443833
0.0130656
0
0.0179293
0.563833
0.0149987
0
0.00576166
0
0.0347631
0.425195
0
0.159612
0.120734
0.426725
3.14688e-29
0.0596362
0
2.81884e-24
9.05576e-22
2.36335e-20
1.28168e-33
0.454543
0.13173
0.0788916
0.381517
1.01517
0.00997076
0.144974
0.0677305
0.200027
0
0
1.18939e-21
0.135368
1.07096e-22
1.62215e-19
0.0468383
1.21851
0.00295102
7.12482
0.0393456
1.85616e-08
0
0.0170736
0.194763
0.0155207
0.0100419
0.0861505
0.416432
0.000536922
0
2.89502e-24
0.803276
1.46228
3.05276
5.70715
13.1725
14.2141
0.0329948
0
0
0
0
0.249405
0.0507001
0.0792106
0.46624
1.37408
1.03401
0.238887
0.238645
1.78774
0
0
3.12441e-31
1.56232e-11
3.25599e-31
0
0
0.0144405
0.813505
0.101507
9.76333
19.6792
1.62238
1.59223e-31
5.39729e-31
0.0232046
1.46045
0
0
0.117217
1.68963
0.737345
12.7051
0.174654
0.332145
4.71331
2.63132
1.94262
5.82291
17.1348
1.54648
4.87309
0.185797
0
0
0
0
0
0
0
0
0
0
0.0142699
2.42767
7.51727
7.71958
12.8105
0.132296
0.05587
0
5.79449e-22
2.70037e-17
0
0.293083
1.205e-27
0.840054
0.704565
0
0
0.00257505
0.2577
8.49778
16.8329
3.05254
0.00695629
0
0
2.9545e-21
0.590938
0.0746833
0.267107
0.762516
0.0510263
0.644276
1.12584
0.0901584
0.0653884
0.00394116
0.00127025
0.165187
0
1.05472e-23
0.000274399
0
0.00215193
0
0
0
0
0
0
0
0
0
0
0
0
0
0
0
0
0
0
0.823056
0
0
0
0
0.0160471
0.454769
2.13158e-08
0
0
0
0.0871772
0.284867
0
0.00817397
0
0.121892
0.252589
0.0425186
5.214e-15
0
0
0.00214023
0.00150068
0
0
1.55452
1.09659
0.262183
0.0191423
2.53701e-05
1.07827
0.0952608
0.232071
2.50633e-16
0
4.2172
2.29011
1.58249
0.113426
0
0
0.399125
0.0477226
1.15416e-18
0.00702142
0.00733796
0
1.19798e-32
0.0056883
0.181813
0.773183
3.69325
4.19551
4.49935
2.71847
2.71322
0.671485
2.38856e-18
0
1.21383e-19
0.335073
1.24714
2.11499
0.958203
0
0.0735987
1.83689
0.0241957
0
0
0.134783
2.18631
0.0131161
0
0.00218197
1.00681
0.390652
0.502241
0.055824
0.240756
0
0.067186
2.88328
2.26952
2.86688
1.83301
1.63552
0.241929
0.867769
1.21067
0.663478
0.805739
0.332988
0.0235866
0.102524
0.00465211
0.167347
0.00164462
9.30038e-26
2.56867e-21
0.00481173
0.441196
2.19615
13.4509
1.12033
0.00433957
0
4.68191e-20
0
0
1.27753e-07
0.0154005
5.00694
0
5.95386e-21
0.747091
0.0250961
0.294245
6.66587e-26
0.726157
3.95507e-08
0.000848991
0
0.00900314
0
0
0
1.50831e-20
0.757728
0.822074
0.0503357
0.0432691
0.805491
0
4.3394e-23
0.878007
3.0014
3.58395
2.86653
0.186475
0
0
0.294574
0
0
3.27822
22.2709
3.70468
0.221329
0.0379203
0.268928
0
0
0
0
0
0
0
0.0027801
0.524171
2.85174
0.276874
5.96563
1.22091e-10
0
9.32566e-25
1.92885
3.6747
8.98644
5.2762
2.96822
1.12468
0.00832644
0
0
0.331116
7.59091
0.926214
0.159218
0.155007
0.977037
0
1.08364e-16
2.23886e-22
0.41827
0.647925
1.06468
0.460167
1.00232
1.06348
1.05102
0.523071
1.43386
0.00448231
5.5202e-27
0
0.258867
0.008578
0.0796267
0.000204279
0
0
1.05958e-24
1.19304e-19
0.00521199
1.10894e-31
0.379409
0.764022
0.831531
0.182055
0.364515
0.0616637
0.0191494
0.0161755
0.0437772
1.09255
1.34788
0.282681
0.238954
0
0.396419
1.76974
0.149456
0.000364429
0
0
0
0
1.56513e-35
0
0
0
0.0642326
0
0.136763
2.9928
2.31537e-09
0.545779
8.71844e-07
0.00135154
0
0
0
0
0
0.369087
3.32128e-24
2.36731e-23
0.037329
0.256979
0.00315479
5.84709e-19
0.213354
0.611998
0
0
9.08144e-22
2.0201e-19
0.242844
0.0522763
0
0
0.101877
0
0
2.38518e-31
0.104543
2.7909
9.12905
2.7744
0.0770127
7.79493e-31
5.37195e-15
0
1.60661e-10
1.48493e-11
0.328729
4.43496
0.41614
0.693975
1.0784e-24
0.000137771
0.546079
0.0177984
0.972354
0.000901725
0.542476
0.0294894
5.50096e-26
2.40658
5.0055
13.644
1.03935
0.0185193
0.0796594
0.269124
0
0
0.0153208
0
0.105381
0.326224
0.354486
0.0730572
2.29577
0.133192
0.112639
0.339702
0.0751666
5.77367e-22
0.200266
0.150073
0.0233697
0.125817
0.0524282
0.00341608
0
0.286952
2.10822
0
0
1.12224e-17
0
0
0
8.49853e-22
2.46875e-06
0.156984
0.275099
0.319022
0.110637
0.255537
0.540715
0.411246
0.13393
2.60338e-20
0.204923
0.00469029
0.0293453
2.14162e-22
1.07577e-23
3.8039e-07
0
0.000331647
3.8017e-20
2.43802e-11
1.08545e-25
8.31684e-07
0
1.66806e-22
0
0
7.79169e-21
7.57943e-36
0
0.142932
0.0187223
0
0
0
4.12024e-18
3.69966e-15
0
0
0.104717
0
4.80017e-25
0
0
0.588134
0.452552
1.59028e-26
0
0
0
0.148941
0.992841
0.763579
10.1893
2.44048
0.117096
0.0108733
0.000102812
0.00999919
0.0017512
0.00132725
0
0
4.38263
0.49328
0
0
0.131195
0
0.0449854
13.0865
0.00167866
0.0470058
0.886221
0.0366805
0.464076
1.68438
3.34338
1.53007
0
0
0
0
0
0
0
3.93182e-05
2.10452
2.40223
1.47373
1.20943
0.076703
0.2664
0.354557
0.000170963
9.04132e-17
0
0
0
0
0.0878919
0
0
0.00957233
0
1.09308e-18
0.293331
0.175853
0.120641
0.0369053
0.298268
1.96389
0.0632957
0
0.0493002
0.659191
1.79984
0.332197
0.239656
0.0671114
0.120431
0.291833
0
0.409626
6.23088e-31
0.0105598
0.0232656
7.89734e-23
0
0
0.354726
0.143206
0.119495
0.255989
0.37143
0
2.18156e-09
0.00357258
0.0402495
0.0386711
0
0
0.0432182
0.000725325
0.00414085
0.00167713
0.00633252
6.74184e-06
0
4.88761e-20
3.61901e-21
5.03366e-15
0
0
0.0352104
0.782572
8.51863e-09
0
9.34846e-22
0
0
0.218445
0
7.19839e-22
1.40102e-12
0
5.04505e-14
5.3632e-23
13.6277
0.546908
1.6921
1.96618e-11
0
0.00725885
0.222738
0.0253544
0
0
0.685208
0.688414
4.94044e-31
0
0
0
0.101052
1.52882
0.667357
2.06626
2.81956
1.39367
9.59288
7.20232
0.0371314
0.565171
0
0
0
0
0
0
0
0.54851
0.229927
0.00104007
0.00050617
4.59259e-18
4.35244e-22
0
0
0.0625149
0.914657
1.04031
0.0177041
0
0
0
0
0
0
3.13837
4.11489
3.97656
2.02581
2.52123
0
0.000439048
3.46128
0.408896
0.109705
0
0
0
1.27617
2.26353
1.84119
2.67795
0
0
0
0
0.188768
0.381659
0
0
0
0
0
2.18614e-20
0.00758952
0.68074
0.255339
1.24675e-23
0
0
6.2027e-26
0
0
2.94455e-29
0.0350212
0.250074
7.6395e-10
0.104288
1.10894
1.22821
0.35039
1.35257
0.020151
0.0217228
0.364185
0.817246
0.950138
0
0.0635713
0
2.57033
0.0423873
0.0878151
0.680285
0.43476
0.122864
0.012239
0.0464621
0.390306
6.94443
0
0
0
0
0
0.000489425
0.262774
0.376837
0.681753
2.02865
8.76372
0.0919887
1.04359e-16
1.10704
0
0
0
0.858178
0.388824
0.0635923
0
0
0
0.000334903
0.131251
0.605761
0
0.756604
0.704323
1.26135
1.23575
0
0
0.000536311
0.0376732
0.0134996
0.000144631
0
0
0
0
0.0870145
0
0
0
0
2.11922
0.609391
0
0.000596038
0.0010974
0.0130212
0.132592
0.665655
0.192782
0.840053
1.3716
2.83368
2.41832
1.26425
1.43223
0.416703
0.135739
0.233519
0.024277
0.0564629
0.472334
0.413202
0.274441
5.45719e-20
0.00053841
0.000366351
0.245972
2.18609e-30
0.0973236
0.0424275
0.0685703
0
0
0
0
0
0
8.97363e-30
3.89219e-22
1.11442e-21
0
0
0
2.25871e-22
1.35331e-22
7.3427e-23
1.80132e-31
0.23082
0.00337631
0
5.04011e-06
6.84946e-09
0
0
0
0
4.09343
7.90217
0.00823207
0.00131673
0
0
0
0
0
0
0.00601334
0.25913
0.0180307
0
0
0
0
0
0
1.33524e-28
0
0
0
0
0.00434086
9.53212e-23
0
0
0
0
0
0
0.00208778
0.0108664
0.00349931
0
0
0.00153847
0.641581
0.433644
0.974757
0.16227
0.05793
0.00517877
0
0.0530529
0
0.300278
2.18491
1.53061
1.61304
0.480551
0.21516
0.093086
0
2.10187e-25
0.266393
0.479796
0.0522961
0
3.41111e-05
0.129162
0.226004
1.28091
0.799933
0.818838
0.424251
0.27627
1.77477
0
0
0.163981
0.430038
0.0287567
1.67904
2.24471
0.629124
0
0.00153002
0.00827497
2.21196
0.000831458
0.789521
0.696704
0.585222
0.960935
0.00661564
0
0.0740725
0.101632
1.07386e-20
0.00116799
0.000528513
0.0435075
0.398104
0
3.21005e-20
2.46681e-25
0
0
0
0
0
0
0
0
0
0
8.80474e-27
5.40822e-22
1.2553e-21
0
0
0
1.22436e-22
0
0.133422
0.0281506
9.52466e-05
8.74389e-18
2.3544e-09
0
0
0.466702
1.64895e-10
4.5262e-29
1.32515e-35
3.53111e-28
0
0
0
0
0
0
0
0
0.143084
0.070054
0.01007
0.0313481
0.763798
0.443261
0.0174498
0.469368
4.62756
0.50304
0.0304715
6.0039e-25
0
0.0105626
0.550669
0.618049
0
0.00468816
2.6634
4.9255
7.96915
2.04164
21.2511
10.6321
0.00519724
0.000359449
0
0
0
0
0.15287
0.0802692
0.0417784
0.899885
0.00193389
7.55428e-23
0.0010085
1.10559
2.85793
0.362712
0.00245955
0
0
8.67289e-26
0
0
0
0
0
0
0
0.254581
1.15161
5.1098
0.522074
2.38722e-20
1.69358e-19
1.70834e-21
0.000362487
0.680536
1.27312
0.923599
0.0350139
0.375562
0.401368
9.43713e-17
0
0
0
0.000973869
0
0
0.0950143
0.000183961
0
0
0.0335722
0.00513657
0.0892348
5.59948e-28
0.00517148
0.0267606
0.00168062
0.0607903
0.234007
0.571535
0.45869
0.0670945
2.10454e-25
0
0
9.43254e-31
2.35234e-23
1.82188e-19
3.27507e-19
0.231459
0.344887
0
0
0
0
0
0
0
0.109162
0.0136757
0.0637432
7.63427e-15
0
0
0.967083
0.601858
0.00377741
0
0
0
0
0
0
0.00139136
0.117911
0.952999
5.47189
2.70251
0.0318821
0.165746
6.87814
7.95787
1.82741
4.44052
1.23168
0
0
0
0
0.339164
0.0354722
2.96862
4.23894
2.57693e-24
0
0.797499
0
0
0.0446062
0
0.0556011
0.162716
0.00257587
0
0
0
0.226951
2.41524
0.40139
0
0
0
0
0.325352
0.0293411
2.64528
10.3523
1.4096
0.00113453
0
0
0
0.0108348
0.923403
1.66824
0.0948018
0
0
0
0
0
0
0
0
0
0.0123588
1.08162
0.982979
0
0
0
0
8.79128e-18
3.65884e-17
0.0701891
0
6.12806e-26
0
0
0
0
0
0
0.00241213
0.0175914
1.1716e-19
2.26897e-19
0
0.132372
9.6966e-23
3.76633e-22
3.53049e-23
1.40102e-20
0.00385137
0.0154267
0.0216509
0.0210884
0.177202
0.00196138
0
0.118058
0.0356923
0
0
0
0.0013913
0
0
0
0.0194595
0.123167
0
0
0
0
1.07678e-14
0.360697
0.000579893
0
0.0233144
1.72793
0.0408284
5.33055e-34
0
0
3.96369e-24
0
0
1.21962
3.30349
1.63809
8.0234
2.89949
0.221076
0.299592
0.00693887
0.000246763
0.00115171
6.21213e-18
0
0
0.49168
0
0
0
0
0.0108697
0
0
0.0174901
0.263249
0
0
0
0
0
0
0
0.488716
0.10181
0.104859
0
0.177567
0.0568854
0.0288076
0.0921242
0.20238
0.304129
0.741648
0.0863984
2.97998e-20
0
0
0
0
1.11331
1.99706
1.1519
0
9.17955e-11
0.0673721
2.03681
2.79832
0
0
0.00418592
5.76313e-30
0.0123356
0.081604
0.0318763
0.532844
0.96387
1.21844
0.194715
3.23473e-20
1.16241
1.78741
1.16909
0.498629
2.41684
5.04175
3.25543
2.06987
0.311422
1.20975e-23
8.40271e-22
0
0
4.27557e-28
3.23263e-26
0
2.56037e-20
0.00501013
0.261526
0
0
0.00480855
0.0919865
0.165525
0
0.0601036
0.0100116
2.79696e-18
3.02026e-11
0
0
0
0
3.78222e-20
0
0
0
0
0
0
9.21665e-28
0
0
0.0207953
0.186683
0.000842955
0.103658
0
0
0
0
0
0
0
0
0
0
0
0
0.00612514
1.14782e-23
0.0136149
0.00153548
0.0129435
0
0.0883615
-1.0477e-10
0.0294849
0
0.0462658
0
0
4.18039e-22
0
0
0.0323457
0.778603
1.11718
1.19564
0.263786
6.28737
0.307991
0.0371495
0
0.156858
1.45554
3.03744
0.00055303
0.687131
0.364885
1.11415
0.32413
2.28624
3.12843
2.40423
0.0752498
1.43585e-15
0
0.000279165
0
0
0.0164057
0
0.63181
5.71305
8.43908
1.68168
0.0398766
0.238712
0.12286
2.92533
2.32828
2.8743
0.768716
0.214388
0.00103483
0
0
0
5.52532e-28
0
0
1.69245e-24
0.00195909
0
0
0
0
0
0
0
1.00336e-25
6.29728e-22
0.0307948
0
0
5.28834e-25
3.07488e-29
0
0.518861
0
0
0
1.7079e-29
0
0
0
0
0
0
0
5.1585e-10
0
0
2.63956e-24
3.45122e-15
0.0012802
0.204976
2.42562
1.5932e-27
0.0156881
0.205021
0
3.86137e-24
0.00075015
0.00173031
0.118354
1.59327
10.3382
0.434887
1.12605
0.447446
4.17761e-25
0
0
0.0910152
0
0
0
0.086084
0.72652
4.83085
7.37965
6.75239
2.71146
0.715804
1.29409
0.865464
0.202974
0.865955
0.540546
0.0168578
0.598006
0.0830277
0
0
0
0.0124745
0.130947
0.923131
1.26656
0.0185557
0.0197318
0.171452
0.0937535
0
0
0
0
0
0
0.0244209
0.846968
0.562074
0.135809
0.621163
0.892774
0.84738
0.0844523
0.0136073
0.0103401
0.992257
0.791743
0.0633251
1.49617e-19
0.107204
3.94832
10.0794
1.19994
0.583647
6.28498
0.826223
0.0103555
0.000902939
0.0167057
0
0
0
0
0
0
0
0.0533891
0.0190868
0.0351536
0.0699566
0
1.92938e-21
0.0260319
0.018193
0.276937
1.41914
0.371926
4.93359e-17
0.0616438
0.522971
0.0326606
0
5.40155e-20
0.223681
0.000649623
0.000373182
0
0
0
0.970521
3.63061
3.17891e-09
0.0219532
0
0.0168335
1.13652
0.26598
0.483996
0.998593
0.0506529
0
0
3.81546e-15
1.85281e-15
0.000577446
0
0.0237159
0.193629
0.0515793
3.68967e-15
0
0
0
0
0
0
0
0
0
0
0
0
0
0
0.028851
0.038759
0.05501
0.0303234
0.0350902
0
0
0
0
0.272154
1.56437e-35
0.0129313
0.0754356
6.0439e-19
0.00384756
0.0301256
1.15633
0.754039
1.31785
0.197485
0.363937
0
0.232114
3.39959
1.61758e-23
1.46679e-32
0
0.423674
0
6.53151e-34
0
1.48494e-07
4.2676
1.62268
0
0.00173559
1.06827
1.26949
1.7799
0.0998816
0.0147024
0.54851
1.35679
1.22524
0.141544
3.24109
0.864803
0.509148
0.0490456
0
1.40974e-23
5.2123e-23
0.150833
1.05456
4.585
4.75806
3.26225
1.87136
1.38472
1.38277
1.2972
0.47345
2.79647
1.0623
2.89347
0.161424
0.0124326
0.826625
0.781167
0.012846
0
0.00549366
1.65113e-05
0
0.0254444
0.0252108
0.00865278
0.128992
3.76152e-18
1.79891e-20
0.214758
0.00694441
0
1.96477e-22
2.71378e-21
1.03066
0.0159746
0.000221074
0.0526058
0.167475
0.0271504
0
0.0760115
0.132946
0
0.0914537
0
0
0
0
0.000887457
0.061575
0
0
0.161844
0.188149
0
0
0
0
0
0
0.0737398
0
0
4.56854e-29
0.00343921
0.00018457
0
0
0
0
0
0
0.0077806
0.0327506
3.76873e-21
0
7.87875e-18
5.95521e-25
2.18026e-17
0
0.0673794
0.347324
0
0.0157876
2.76254
5.38712
0.0620485
8.63836e-05
0
0
0
0.0511976
0
0.151301
0
0
0.000109159
0.647422
0.960838
1.20573
3.22652
1.0687
0.594865
0.799948
1.3149e-17
0
0.0125468
0.0473897
0.287379
0.123676
1.01332e-28
4.73804e-20
0.133446
0.796293
3.67327
2.00242
2.80115
0.916667
0.410964
0.790779
0.505715
0.680552
0.859133
1.00323
1.18406
0.0344415
0.275723
1.25932
0.258668
1.39039e-18
0.0428898
0.0863719
0.418048
0
0.0169944
0.591438
3.65575e-08
1.29243e-20
4.57144e-20
0
1.84975e-23
0
1.11625e-18
0.0962842
0.00726207
0.00313658
0.0368727
0.786317
0.0575809
0
0
0.265843
1.54491e-29
0
0
0
0
0
1.70487
0.445566
0.333374
0.509591
0.260838
0.0351529
0
3.90581e-17
2.8071e-21
0
0.0296332
0.275725
0.00823252
0.000590646
0
0
0
0.00697374
0.267185
6.09955e-15
0.0215049
0.00379268
0
2.17184e-25
0
0
0
0
0
0
0
0
0
9.97737e-27
0.0158061
0.0796424
0
0
0.00161067
0.635161
0.0010291
0.00441373
0.00239668
0
0
0
3.24156e-25
0
4.41174e-31
0
6.66993e-34
4.37995e-31
0.00154649
0.163624
0
0
0
0.0111202
0.526068
0.890731
1.14905
7.15817
8.02124
1.64058
0.536051
1.99156
0.111402
1.75102e-28
0.00296016
0.331593
0
0
0
0
0
0
0
2.8722e-31
3.79524e-20
0.025208
0.310975
0.908101
1.86982
1.50416
1.58649
0.19067
0.0957852
0.0198605
0.00108005
2.36271e-22
0
0
0.398298
0.00510997
1.90433e-21
5.52864e-20
0.000848394
0.00104132
0
0.694798
2.2347
2.34356
0.191284
0.00673846
1.26193e-21
0.554279
0.227514
0.12335
0.000151316
0.00418551
0.00253185
0.000595683
0.426806
1.09422
0.902068
0.656379
0
0
0
0.178234
0.704206
0.882565
0
0
0.00961424
2.50879e-08
0
6.58851e-27
0.653227
0.158484
0.0230899
0
0
0
0
0
0
0.0924852
0.288235
0
0
0
8.91698e-25
0.0166629
8.96257e-14
0
0
0
0
0.00186785
0
0.178621
0
0
0.00396725
0.275352
0.112876
0.00630006
0.0136825
0
0.114941
0
0.0304882
1.1194e-22
0
0
4.76961e-05
0.0238855
0.614044
0
0.451916
0.0807847
2.85597e-12
0
8.67858e-06
13.1466
1.33577
0.0754925
0.194622
0.037708
10.6709
1.26019
0.637316
0
0.65586
0.0017563
7.3947e-21
0
0.027989
0
0
0.0168708
0.108019
0
0
1.46451e-32
0
0
0.00470116
0.361732
0.407157
0.439118
0.00459717
0
0
0
0.096556
0.471291
1.17148
0.452341
0.152806
0.213469
0.445216
0.269568
2.02585
3.69129
4.93123
5.19541
7.37915
2.63626
0.225799
0.623649
0.800261
0.154508
9.97816e-22
0.111883
0.00689215
0.0291068
0.0367982
0
0
0
0.00645851
6.85954e-22
6.83544e-23
8.648e-27
0.0681333
2.54343e-15
0.000494845
2.89472e-11
6.77769e-06
0
0
0
0
0.028788
0.862006
0.916879
1.06011
0
0
0
0
0
0
0
0
0
0.0573657
0.433574
0.0146516
0
6.08496e-06
0.012527
0
0
0
0
0
5.73211e-31
0
0
0
0
0
0
0
0
0
0
2.33349e-17
0
0.16195
0.154308
4.52617
4.22121
0.306266
2.38081
0.0927192
4.72499e-15
1.07202e-24
0.0355112
0.140785
4.46413e-18
0
0.0346492
0.830422
5.97655
3.02827
1.08815
2.55289
2.41781
2.01506
0.529555
9.23552
3.52274
1.04336
1.30349
1.58991
0.317197
1.00938
0
1.39676e-18
1.97875
0.187526
1.08628
0
0.112807
1.04274
5.20574
0.16062
0.0923273
0.0161836
0.502676
4.16477
4.77828
0.992838
1.73354
1.31058
1.32574
0.467114
0.0891333
0.228681
0.0374739
0.30192
0.968733
1.85796
0.369098
0.129624
0
0
0.00307032
0.0147449
7.49311e-23
0
0
0
3.32676e-31
0
5.90334e-21
0.0750422
0.151039
0.00811098
0.00188181
5.0737e-24
3.37866e-30
