0
0
0
0
2.61625e-36
0.00739748
0.163137
2.81478
6.16087
0.125288
0
0
0
7.76838e-05
0.615168
0.00654818
0.0279147
0.211894
0.590732
0.0648474
0.170694
0.0605339
0.000319596
0
0
0.0535944
0.177849
0.00445263
7.54619e-16
9.92021e-23
0.0701496
7.14974
6.70004
0.0553119
5.32976
18.0758
1.1564
0.292726
0.715252
0.01062
1.25733e-10
0
0.30189
0
0
0
0.640593
3.89059
0.286381
0.0195575
0.834028
13.5679
1.30701
0.0195986
0
0
0.101635
0.0160918
0
0
0
0
0
0
0.258211
0.0408905
0.0440182
0.823383
0.0740667
0
0
0.448477
0.318237
0.13111
0.00148731
0
0
0
0.000113488
0.000722652
0.00522182
7.24695e-20
0.0385441
3.49961e-21
0
1.29415e-25
3.16331e-29
0
0.0187291
0
0
1.06821e-19
0.0131865
0.000136783
0.0461743
0.230733
0.0137211
0.698481
0.337595
0.0378834
0.0494938
0.839651
0.0110614
0
0
0.0207946
0.00604511
0.138332
0.0106706
0.0166798
0.0265814
0
3.00238e-26
6.45723e-22
0
7.88404e-27
4.26901e-33
1.36935e-22
9.1216e-22
4.90291e-22
0
0
9.07891e-15
9.9748e-13
3.29574e-16
0.409254
1.19484
0.0377171
3.56409e-25
0.000211611
0.0192408
0.118392
0
9.84459e-13
1.10792e-22
0.029741
6.34203e-19
0.0235486
0.0283075
0
2.15211
0.165306
3.27079e-13
1.3161e-19
7.82883e-26
0.00209569
3.89716
7.04198
0.157695
0.000759469
0.000182342
1.24227
0.307456
0
0.0135354
0
0
0.000371693
0.498426
0.0160272
0.0860026
0.772942
2.16838
1.14976
0
0.0175013
0
3.84093e-20
0.00783251
0.506831
0.597729
0.0605703
0.109936
0.0014861
0.263984
0
0.132291
0.00441034
0
0
0
0.683306
5.95977
5.76351
2.36779
0.0954166
3.13904
3.81749
7.20105
2.7226
4.78543
8.77959
5.40715
4.8832
0.0454697
0.00132797
0.195222
0.0374495
4.21695e-05
0.00248692
0.622395
0.171515
0.39859
6.93699
1.15812
0.136688
0
0.00023239
0.18176
0.138982
0.423494
0.0309874
0.398171
0.120291
0.770391
1.45325
5.81607
12.8788
8.66016
6.85089
1.58595
0.488661
0.621126
0.777452
0.174742
0.139569
0.0999198
0.0623884
0.181438
0.0651207
2.45529e-24
0
0.0840231
0.146647
0.271067
0.235304
0.0761625
0.118814
0.066625
0.00481928
0.00189365
0.071459
0
1.12318
0.336074
0
0.00158788
2.22966e-07
3.64339e-17
0
0
2.82417e-32
0
0.059252
5.86926e-05
1.54177e-14
2.08274e-27
3.46263e-27
0
0
0
0
3.86168e-23
0.00157166
0.00218685
0.000597708
0
0
0
4.31949e-08
0.000256918
7.82818e-13
7.12314e-10
3.23745e-30
0
0
0.00881551
2.21575
0.296661
0.0963731
7.35984
0.0276518
0.000971637
0
0
2.81708e-27
0.797325
0.0386413
0
7.50083e-05
0
0
0
0.309729
2.17416
1.6983
0.852454
0.00098318
0
1.4021
2.04786
0.115315
3.79128e-14
1.2625
1.10556
0.00864426
0.0972637
0.00360321
0.00642484
0.00754035
1.01551e-14
0
0
0
0.00103451
0.000658493
0
0.364227
12.5231
18.2704
0.0294675
0.781238
4.37952e-19
0
0.176202
1.09106
4.36826
2.24349
0.367649
0
0
0.0614221
0.989328
1.16195
0.913757
0.32625
1.18353
0.123927
0.166577
0.33548
0.0188253
2.92408
7.00079
2.75621
3.8157
3.42927
1.04569
1.14004
0.0402894
0.030688
4.78515e-23
0.00744026
0.0313058
0.492936
0.36589
0.388776
0.0761155
0.242839
0.0706712
0.0085118
2.08908e-10
0
0
0
1.01133e-13
8.99239e-23
0
0
0
0
0
0
0
0.0124599
0.00180618
0
6.65094e-28
0
0
0
0
0
0.00165759
0.0242528
9.46443e-06
0
0
7.85671e-13
1.23352
0.000711511
0.0099908
0.0217199
0.346737
0
0
0
0
0
7.20028e-22
0.000129361
0.00371132
0.00111567
0.310954
0.0864045
0.819307
2.33048
2.00101
0.00418544
0.389387
0.983858
0.102202
0
0.223955
0.853596
1.17281
0.0461053
0
0
0.410832
0.582824
0.00359109
4.28459
0.626903
0.0258089
0.0507336
0
0.301285
0.118785
0
0
0.00331095
10.6513
0.506548
1.53602e-28
0
4.74235e-18
0.0493431
1.04685
2.31663
1.25418
0.303351
0
0.0130213
3.80346e-23
0
0.00169011
4.65445e-28
0
0.0133837
8.69898e-26
0.113289
0.718837
1.08599
0.0516334
2.61386e-21
1.21573e-20
0.0306287
0.0560227
0.368837
0.0893896
0.893227
0.909952
0.243851
0.0530401
0.0143676
0.339763
0.343707
0.030835
0.0151791
0
0
2.65345e-23
0.027804
9.91287e-05
1.02135e-26
0
4.09901e-21
0
0
0
0
2.2865e-11
0.000142063
2.12589
3.48042
0.00431848
0
0.304903
0
0
0
0.106667
2.10033e-23
0
0
0.0544369
5.54093e-10
0
0
0
0.0413773
0.375937
4.66377
2.70924e-25
0
1.13653
11.7691
1.3403
1.92745
0.0352475
2.87728
4.04866
4.21862
0.19369
0
0.0766349
0
0
0
0
0.0606229
0
0
0
0
0
0
0
0
1.02504
0.0438974
2.23795
0.000895747
0
0
0.297973
0.0263279
0.000341959
0.0195448
0.0791525
0.455394
11.2702
0.513304
15.0833
4.29726
1.70537
0.462738
1.18505e-19
0.0436877
0.859706
2.19593
1.51049
3.82073
1.17952
1.09359
3.17003
2.62097
0.335515
0.0322612
0
0.318052
7.34429
8.12725
0.991887
0.890437
0.0743527
0.0518654
0.00630283
0.419355
1.05649
3.06992
0.00330971
0
0.192692
2.20062
1.59251
0.775131
0.0588199
0.0389919
0.0194339
0
0
0
0.00360189
0.133746
0.489698
0.498717
0.647113
1.04565
0.106029
0.0204603
0
2.15464e-23
0.0503483
3.07919e-21
3.63177e-22
0
9.27405e-23
0.0243213
0.0758304
0
0.0143555
0.00422164
0
0
0
0.596365
0.591733
0.0500869
0
0
0
0
0
0.144028
0.600826
0.013353
0.129943
0
0
0.00408476
3.72788
0.0145128
1.36697
0.461385
5.02916e-30
5.86873
4.57149
9.50014
32.3358
0.141293
0.00417854
0.301641
4.09986
0.36649
0.0741299
0.0376999
0.00395235
0.0135799
3.91321e-10
0
1.56445e-19
0
7.34503e-19
0.00136931
0.142816
0.436845
1.38738
0.915381
0.171384
0.0739722
0.479251
3.46771
0.144749
1.00298
0.637258
0.0476181
0
2.05783e-31
0.224865
0.10181
0
0
1.03331e-15
0.00741831
1.5698
0.00819036
0.0075939
0.0140356
1.25805e-30
0.00171083
0.377286
1.48174
2.65321
1.2129
0.667808
0.0106259
0
0.000169676
0.0788406
0.361504
0.179799
0.0584901
0
0
0.0061123
0.0168481
1.76229e-32
0
0.0523576
0.0624339
0.122215
0.00701746
0.124554
0.0134874
0.117
1.37993
2.08455
3.83642
0.45303
0.158504
0.557735
0.299878
0.443403
0.490722
0.102154
0.373477
0.50079
0.10206
0.09719
0.139588
0.846335
0.323086
0.0439617
0.274142
0.558462
0.0199288
0.0530956
1.15479e-29
0
0.149035
7.50639e-08
0
0
0
0.254442
0.639803
0.000374865
0
0
0
0.664297
0
1.85892
1.08758
6.95388e-10
0.000101294
2.02627e-13
0.909479
0.790529
0.355656
0.122744
1.41868
0.024813
0.0381772
0.548175
0.116142
0.0229516
0.282387
0.121828
0
6.24907e-14
0.0366699
0.0263619
0.48903
0.542346
0.0416956
0
0
0
0.115566
0.0475337
3.25816e-05
0
0
0.0891194
0.0018273
0
0
1.16182e-11
0
0
0
0
0
0
0
0
0
0
0
0.225237
0.12535
0.238485
0.531071
1.01282
2.01187
4.11482
4.03716
6.22016
4.827
8.91499
6.7373
2.13394
0.0217675
0.31682
1.00014
0.467014
0.036522
1.29491e-21
0.00307676
0.126529
1.2523
0.00141943
2.25019e-13
0
0
6.99873e-19
0.00399956
0.148423
0.0128514
0.0821456
0.0111071
0.0243237
0.0386172
0.00194018
0.0480874
0.039761
0.0866612
0.0200364
9.48652e-22
0.00187204
0.0592111
0.019026
0.000527082
0.0263717
0.381173
0.0446069
1.05505e-30
1.58751e-19
0
6.12397e-31
0
0
0
0
0
0
0.000106702
2.2303e-23
2.57611e-23
0.014764
7.48904e-07
0.0416748
2.56231e-22
0
9.32242e-14
0.0793951
0.319493
0.0037227
0
9.45131e-16
1.25901e-09
0
9.45873e-35
8.31099e-30
0.013999
0.774155
2.5201
8.75265
6.7573
0.188658
0
0
0
0
0
0
0
0
0.228078
0.000631592
0.00244668
0.0164942
1.75427
0.255608
0.393673
0.0120913
0
0.598474
7.73716
0.169169
1.60113e-06
0.0247069
1.85594
0.0425192
0.132942
2.3317e-05
0
0.728416
0.248999
0.964533
0.423335
0.343848
4.77527
0.273034
0.00114911
0
9.28004e-12
0.15353
1.19039
12.2426
0.948947
0.0439689
0.000414747
2.25037e-17
0
2.08221e-22
0.00221613
0.0594507
1.25006e-17
0.015518
3.86653
0.0709654
0.00705394
2.62231
12.2554
3.8819
2.98001
0.3098
0.39692
0.259159
0.00470897
0.0452317
0.440984
0.471103
0.262021
0
0
0.00145323
0.0671415
0.213677
0.0978532
0.0664519
0.408961
0.333793
0.332259
0.0770967
0.0774564
0.149985
0.000516257
7.21597e-33
0.132839
0.000662552
0.00174762
0.0262745
9.76099e-22
2.41533e-32
1.76358e-19
0.0036683
0.0148959
0.00806734
0.200594
0.0626961
0.0373455
9.60528e-25
0
1.16563e-05
0
0
0
0.151412
0.654538
3.47872
0.369604
0.00128887
0.165025
1.42192
0.783164
1.42905e-11
1.51433e-13
0.00256473
0.029349
1.02214e-35
0
0
0.249632
0
4.46633e-15
0
0.017613
0
0
0.00835388
0.281107
0
0
0
0
0
0
0
0
0.0740158
0.0907874
0.805309
0.382291
5.70061
0.550737
1.97726
0.266045
8.90117e-28
0
0.150643
0.354835
8.16896e-29
0
0
0
0.00267634
0.339896
0.0896684
8.28505e-06
0.02031
0.109361
0.607964
0.792555
0.138794
4.46656
0.00723083
1.58458e-17
0
0.330178
0
1.1175e-21
0
0.0362488
1.56296e-21
0
0
3.08824e-22
0
2.06138e-23
0
0
0
3.93174e-05
0.117005
0.0549011
0.0320475
0.619902
0.835149
0.47383
0.512006
0.759466
0.953079
0.612621
0.286859
0.387583
0.73739
0.905133
1.42054
0.167708
6.52684e-25
0
0.0468203
0.137341
0.0778857
0.407563
0.578967
0
0
0
1.18728e-20
0
0
0
1.82526e-22
0
0
0
0
0
0
4.64794e-21
9.75071e-05
0.00340708
0.000531309
4.4201e-20
0
0
0.00116858
0
0
0
0
0
8.82805e-14
1.74591e-12
0
0.0133741
0
0.0965015
0.120991
2.15307e-32
0.0268392
2.61655
0.220873
4.49699
0.00645712
0.00392464
0
0.0993361
0.249062
6.04811
15.1533
0.499586
0.00260655
0.018547
1.76389e-27
0
0.278338
5.81385
0.000562203
3.67151e-22
0
6.19053e-33
0.00694529
1.36913
1.29505
0.224442
0.0283594
0
0
7.11266e-35
4.51737
0.829848
1.31371e-23
0.0368532
8.19605
6.14826
0.326234
1.18266e-18
0.115984
0.00387702
9.93656e-16
0.803613
0.391056
0
0.00676111
2.43386
0.621894
0.516913
0.309074
1.94306
0.113588
1.63872
2.42163
0.316251
0.0206682
0.00652918
0
0.612866
2.22055
2.29714
2.76851
1.55563
4.24952
1.28131
0.714188
0.117074
0.0535881
0.302083
0.192063
0.000364827
0.00390299
0.108426
0.19765
7.5527e-25
5.64375e-22
0.00157888
0.0445623
0.02439
0
0
0
0
0.0442041
0
0
9.70235e-29
1.19087e-34
1.90926e-20
1.92164e-21
0.0269514
0.0115354
0.000828581
2.04026e-21
4.12364e-30
1.52798e-26
6.19719e-33
0
0
0
1.57176e-21
6.00448e-34
0
0
0
0.00114227
1.76257e-22
0.00231779
6.49502e-08
1.18262e-10
0
0
1.09496e-26
0.0108083
0.00912189
0.109195
2.33302e-08
7.70795e-25
0
0.00151885
2.89478e-27
0.520699
0.0461473
0.017538
0
3.50686e-31
0
0.420871
0.628721
0.135289
0.138822
0.00187003
4.45804e-29
6.08274e-27
0
0.000907624
0
0
0
0
0
0.240825
1.93352e-30
0
0
0.00387706
0
0.00225955
0.449072
0.793925
8.78969
5.15014
0.0109781
1.05885
0.0515589
3.54109e-20
0
8.51179e-14
0
0.474656
0.332616
0
0.0130404
0.195285
3.27081
0.759521
1.3839
5.58663
2.57962
0.0286984
7.92679
0.00372176
0
0
0
0
0
0
0.112642
0.0129633
0
7.48537e-32
0
0
0
0
0.718684
2.01755
1.56019
1.22125
0.450962
0.047523
0
0.0136394
0.918624
0.0236047
8.2611e-29
0.00566724
0
0.0185136
0.315172
3.15636e-25
0.249855
0.600148
0.377661
1.57344e-29
0.043312
0
0.0239715
0.00384079
0.0466963
2.71109e-27
0.233734
0.0745897
0.0618949
0.232748
0.901572
0.113035
0.162221
0.0603926
0.13599
0
0
5.94696e-22
0.0678787
5.35482e-23
8.11075e-20
0.0444976
2.0756
0.00346961
6.04914
0.0485923
1.65198e-06
0
0.00853682
0.19996
0.268589
0.183258
0.505699
1.00686
0.0158721
0
1.44751e-24
0.641175
1.44214
2.57068
3.99391
9.71836
13.4903
0.0579542
0
0
0
0
0.26779
0.0504901
0.073056
0.446097
1.41216
1.00783
0.196217
0.237306
1.14802
0
0
1.56221e-31
7.81161e-12
1.62708e-29
0
0
0.00789414
0.974747
0.151164
9.52069
20.1338
2.58804
7.96116e-32
2.87486e-31
0.0178379
1.25329
0.00371352
0
0.0710409
1.4701
0.888825
10.1096
0.387006
0.250831
4.8142
1.88737
1.98239
5.6207
18.3657
2.04186
5.27922
0.548248
0
0
0
0
0
0
0
0
0
0
0.0101819
2.64203
5.70547
8.93722
13.3184
0.23183
0.144354
5.84505e-17
2.89724e-22
0.0115777
0.0130697
0.227662
0.00202648
0.909458
1.34552
0
0
0.00695368
0.363717
7.19666
16.6708
4.11257
0.126408
0
0
1.47726e-21
0.397817
0.038589
0.183471
0.438644
0.0892397
0.559141
0.886317
0.156516
0.050402
0.0114935
0.000635125
0.0962761
0
5.27361e-24
0.000891438
0
0.00412497
0
0
0
0
0
0
0
0
0
0
0
0
0
0
0
0
0
0
0.768155
0.00053981
0
0
0
0.0167257
0.623073
1.06598e-08
0
0
0
0.0811797
0.474781
0.0105934
0.0097832
0
0.129816
0.330742
0.0714988
2.60976e-15
0
0
0.00788243
0.0308832
0
0
1.45661
0.947624
0.27942
0.0247241
0.000325082
1.08616
0.0525131
0.231478
2.35492e-09
0
2.974
2.67761
1.83035
0.167484
0.0130092
0
0.365049
0.107153
0.000263088
0.012722
0.0610962
0.000383409
0.0139651
0.0652393
0.194289
0.706906
3.42976
4.71448
4.34254
3.29188
2.63151
0.355252
1.19428e-18
0
6.06917e-20
0.183697
0.82018
1.77041
1.06956
1.27864e-34
0.044872
1.56341
0.0146837
0
0
0.0816004
1.9025
0.0311669
0
0.0048791
1.0646
0.668409
0.56392
0.0482719
0.492454
0
0.0972598
2.64172
1.72784
2.07649
1.19564
1.05479
0.125693
0.479041
0.635509
0.383323
0.461915
0.189948
0.0117933
0.0555181
0.00258792
0.0965779
0.00265397
4.65019e-26
1.28434e-21
0.014496
0.452729
2.03713
15.0399
2.48533
0.0461999
6.14461e-21
2.34159e-20
0
0
6.38764e-08
0.00882296
4.1441
-1.09275e-09
2.97693e-21
1.00274
0.0254913
0.159277
8.53462e-25
0.562494
0.00394672
0.00176026
0
0.00452625
0
0
0
7.54154e-21
0.419859
0.417834
0.0257773
0.0280312
0.934745
1.52766e-26
2.22623e-23
2.16269
6.84569
6.22095
2.59722
0.139116
0
0
0.260959
0
0.00162441
2.43422
21.1495
5.26573
0.436431
0.031742
0.424722
0
0
0
0
0
0
0
0.00139005
0.400012
2.91021
0.361354
7.00525
2.63684e-05
0
0.0158972
2.50299
4.23267
8.76483
5.04906
2.71004
1.27276
0.00416322
0
0
0.209381
7.40291
2.09734
0.243934
0.269986
0.597353
0
0.0151643
0.048608
0.484752
0.510133
0.569495
0.250901
0.872302
0.694667
0.718384
0.344027
1.05354
0.00261162
2.7601e-27
0.00470582
0.263597
0.0158966
0.36634
0.000132398
0
0
5.2979e-25
5.96521e-20
0.002606
1.09025e-31
0.219521
0.480745
0.422431
0.0916684
0.198539
0.0382661
0.00957471
0.00808777
0.0342855
0.720355
0.900955
0.161456
0.137253
1.55058e-24
0.389386
1.57518
0.229579
0.00707243
0
0
0
0
3.78959e-05
0
0
0
0.0487347
3.22626e-21
0.136542
3.42647
0.00317687
0.358597
0.0240892
0.0295872
0
0
0
0.0189694
0.0188987
0.36907
3.27523e-07
0.000177017
0.113778
0.394322
0.00679526
2.92355e-19
0.443014
0.744725
6.09434e-27
0
4.54154e-22
1.01005e-19
0.611366
0.159724
0
0
0.255889
0
0
1.19259e-31
0.0627638
3.26252
12.5705
5.09441
0.192301
0.000235038
2.69529e-15
5.90287e-23
0.00104205
0.000699752
0.243406
4.10677
0.621191
0.751418
0.0341608
0.00679702
0.57732
0.109405
0.85479
0.221488
0.704437
0.0732156
0.0307031
1.68641
5.97633
13.4022
1.78207
0.0682033
0.200553
0.140763
0.00941681
0.000928715
0.127368
0.0154525
0.12994
0.840355
0.522905
0.189305
1.74769
0.135614
0.084034
0.178465
0.0381643
2.88684e-22
0.10923
0.0833686
0.0140573
0.0632422
0.049707
0.00248406
0
0.195978
1.59229
0
0
5.61122e-18
1.921e-31
0
0
4.24926e-22
1.23438e-06
0.187429
0.309967
0.201168
0.0921049
0.188389
0.705113
0.336397
0.0669649
1.30447e-20
0.113027
0.00234515
0.0146727
1.07081e-22
5.37885e-24
3.80316e-05
0
0.0217895
0.000310407
7.86611e-05
7.68476e-26
4.16902e-07
1.62916e-35
2.33838e-13
0
0
3.89584e-21
7.00534e-24
0
0.162928
0.0142827
0.00160022
0
0
2.06012e-18
1.84983e-15
0
0
0.105322
0
2.40008e-25
0
0
0.322963
0.730802
7.95138e-27
0
0
1.88151e-31
0.19379
1.16169
1.19426
12.5379
3.32479
0.108319
0.148934
5.1409e-05
0.00860337
0.000875602
0.00257562
0
0
4.09013
0.33343
2.3058e-26
0.000569592
0.0993855
1.24825e-27
0.0266321
13.9044
0.012715
0.0235029
0.822105
0.0191511
0.310746
1.39741
3.88291
1.85533
0
0
0
0
0
0
0
0.0019017
2.20397
2.82179
1.48102
1.27745
0.105901
0.439229
0.611388
0.010837
0.00157073
0.000750486
0
0
0
0.0910667
0.00618948
0
0.0155736
0
5.46539e-19
0.256695
0.101851
0.105842
0.0307477
0.310348
2.19531
0.131661
0
0.0396618
0.360662
1.14686
0.230117
0.198272
0.0350308
0.079258
0.25124
0
0.325122
3.11544e-31
0.011355
0.022837
3.94869e-23
0
4.74347e-34
0.222002
0.0988754
0.0625288
0.150319
0.226338
1.7454e-33
2.11567e-08
0.01128
0.16748
0.0641981
0.0139283
0
0.126703
0.0181151
0.00400333
0.00344681
0.016865
3.37092e-06
0
6.17241e-10
1.80951e-21
2.51683e-15
0
6.49238e-36
0.0271099
0.469162
4.25932e-09
0
4.67423e-22
0
0
0.244921
0
3.5992e-22
7.00638e-13
0
2.52252e-14
2.6816e-23
14.1855
0.863543
1.34116
0.000121089
0
0.0159159
0.179818
0.0795194
0
0
0.713154
1.18817
2.47022e-31
0
0.00466018
0
0.0867937
1.34193
0.931306
2.09343
2.60002
1.11986
6.70906
7.44018
0.170529
0.766964
0.0296158
0.0111298
0.000145608
0
0
0
0
0.641702
0.300307
0.00410666
0.000373376
2.2963e-18
2.17622e-22
0
0
0.0321822
1.0538
0.769832
0.072173
0.000195509
0
0
0
0
0
4.07412
6.02716
3.98683
1.86907
2.59198
0
0.000219524
2.35422
0.340427
0.0548526
0
0
0
0.814141
1.47118
1.63994
2.37667
0.00354236
0
0
0
0.19093
0.360388
0
0
0
0
0
1.09307e-20
0.00395428
0.370753
0.128549
6.23377e-24
0
0
3.10196e-26
0
0
1.47227e-29
0.0255068
0.409455
0.000274274
0.0521444
0.896144
1.21223
0.234294
1.11912
0.26316
0.0307677
0.372456
0.623827
1.17987
0
0.107891
0
2.8523
0.0351532
0.160972
0.663944
0.51973
0.371553
0.0666489
0.0924754
0.387959
8.57215
0
0
6.31405e-25
7.18e-25
0
0.000244713
0.147093
0.218585
1.22771
1.7301
7.49282
0.202531
5.21796e-17
0.976353
0
0
0
0.707807
0.581419
0.0523021
0
0
0
0.0115052
0.187491
0.781163
0.00029068
0.594696
0.546797
1.57826
1.26369
0
0
0.000325033
0.0490231
0.0334211
0.00557463
0
0
0
0
0.0903223
0
0
0
0
1.3823
0.421398
0
0.000298019
0.0107339
0.0065208
0.123068
0.465034
0.12515
0.498765
0.963375
2.42161
1.75795
0.922239
0.878989
0.260093
0.0686226
0.124667
0.0126953
0.0447982
0.305253
0.415991
0.189968
2.7286e-20
0.000269205
0.00032414
0.145373
0.00189969
0.0490507
0.0261369
0.0380955
0
0
0
0
0
0
4.48682e-30
1.9461e-22
5.57209e-22
0
0
0
1.12935e-22
6.76654e-23
3.67466e-23
9.00658e-32
0.177553
0.00467284
0
2.52007e-06
3.42473e-09
0
0
0
0
3.14288
8.23512
0.022289
0.000669334
0
0
0
0
0
0
0.0113057
0.272466
0.043782
0
0
0.00315511
0
0
0
6.67621e-29
0
0
0
0
0.00217043
4.76606e-23
0
0
0
0
0
0
0.0106659
0.0179882
0.0420072
0
0
0.000769237
0.464205
0.453682
0.902346
0.118626
0.146501
0.0026016
0
0.0277587
0
0.186998
1.88756
1.18425
1.31408
0.389196
0.112244
0.0596459
0
1.05094e-25
0.269389
0.50531
0.0483925
0
0.000330748
0.0992296
0.128845
0.780936
0.574456
0.567233
0.273577
0.210287
1.67819
0
0
0.130569
0.462407
0.058916
1.58072
2.12191
0.542465
0.075745
0.108313
0.0984512
1.55517
0.000415729
0.643626
0.582769
0.392865
0.841533
0.0147824
0
0.102504
0.0880673
5.36929e-21
0.000583995
0.00101399
0.0457118
0.329041
0
1.60503e-20
1.2334e-25
0
0
0
0
0
0
0
0
0
0
4.40237e-27
2.70411e-22
6.2765e-22
0
0
0
6.1218e-23
0
0.166824
0.0911567
4.76233e-05
4.39279e-18
2.37417e-07
0
0
0.882955
8.24474e-11
3.45162e-29
6.62574e-36
1.76556e-28
0
0
0
0
0
0
0
0
0.111498
0.061829
0.00521697
0.0370553
0.837774
0.264017
0.00924682
0.302163
3.52323
0.962372
0.025287
0.000577481
0
0.00702152
0.388487
0.941888
0
0.00244052
2.43408
3.30779
9.71584
1.03794
18.3638
13.6149
0.0112635
0.0430899
0
0
0
0
0.0776914
0.0437019
0.0340891
0.469945
0.000966946
3.77715e-23
0.000504249
0.70129
2.29911
0.383795
0.023898
0
0
4.33644e-26
0
0
0
0
0
0
0
0.162712
1.06037
3.01411
0.341589
1.19361e-20
8.4679e-20
0.00399724
0.0230525
0.763514
1.49086
0.883205
0.145424
0.508572
0.444504
4.71856e-17
1.6813e-28
0
0
0.00850485
0
0
0.0563418
9.19803e-05
0
0
0.0449011
0.00256828
0.0537228
2.79974e-28
0.00263237
0.0133803
0.000840309
0.0389875
0.117147
0.298506
0.258849
0.0335969
1.05227e-25
0
0
4.71627e-31
1.17617e-23
9.10942e-20
1.63753e-19
0.185993
0.260684
0
0
0
0
0
0
0
0.199317
0.0413837
0.0814238
3.81713e-15
0
0
0.93646
1.09753
0.0148637
0
0
0
0
0
0
0.0147268
0.100892
0.766908
5.15461
4.901
0.0371676
0.0980858
5.60008
7.63739
1.45468
3.68669
1.74118
0
0
0
0
0.311085
0.0295174
2.72733
3.60991
0.000107578
0
0.615588
4.68609e-05
0
0.156191
5.4189e-05
0.0756462
0.262464
0.00156717
0
0
0
0.303057
2.74338
0.455512
0
0
0
0
0.417023
0.195619
1.85572
9.29004
1.38772
0.00534939
0
0
0
0.0263773
0.825744
1.92074
0.222186
0
0
0
0
0
0
0
0
0
0.0652085
0.682414
0.690554
0
0
0
0
4.39564e-18
1.82942e-17
0.0551716
0
0.00321442
0
0
0
0
0
0
0.00120606
0.0448894
5.85802e-20
0.00701391
0
0.0929205
4.84831e-23
1.88317e-22
1.76526e-23
7.00513e-21
0.00192569
0.00771333
0.0108254
0.0105442
0.0953408
0.00199004
0
0.157557
0.114806
0
0
0
0.000715075
0
0
0
0.0796674
0.359053
0.000457659
0
0
0
6.9403e-15
0.233085
0.014233
0.00354212
0.196141
1.67382
0.28757
1.11255e-19
0.000354407
6.50199e-21
1.98185e-24
0
0
1.40109
3.19514
1.50106
7.9473
2.84042
0.272549
0.312442
0.00617107
0.0308633
0.0051986
3.1061e-18
0
0
0.821296
0
0
0
0
0.00622038
0
0
0.0409994
0.801604
0
0
0
0
0
0.000120159
0
0.433153
0.0938272
0.085658
0
0.134226
0.0522045
0.0144038
0.0504154
0.211655
0.319549
1.4839
0.215414
1.48999e-20
0
0
0
0
1.71568
2.70809
1.95123
0.0187987
0.000966211
0.0473505
1.96034
2.42281
0.0476156
0
0.00209296
2.88157e-30
0.00616782
0.0422022
0.0159382
0.435744
0.689182
0.909467
0.256075
0.0087656
0.909278
1.83273
1.07109
0.361737
1.48397
3.57721
2.63228
1.70807
0.271356
0.000868294
4.20135e-22
7.95539e-36
2.11628e-33
2.13779e-28
1.6164e-26
0
1.28018e-20
0.00256538
0.249916
0
0
0.00240428
0.0683791
0.145708
0.0061809
0.138262
0.0574356
1.39848e-18
1.51757e-11
0
0
0
0
1.89586e-20
0
0
0
3.84464e-05
0
0
2.07377e-22
0
0
0.0761912
0.225712
0.000678553
0.121019
0
0
0
0
0
0
0
0
0
0
0
0
0.00306257
5.73908e-24
0.031275
0.0293009
0.0152618
0.00365524
0.132401
0.00208439
0.0147937
0.00723031
0.103763
0.0022504
0
0.000471542
0
0
0.0418076
0.839439
1.04198
0.760636
0.132566
4.69376
0.270804
0.0556239
0
0.190996
1.32741
3.07629
0.000276515
0.476733
0.557973
1.3942
1.07614
4.46219
1.99435
2.04226
0.0400254
7.1903e-16
0
0.00025586
0
0
0.185792
0
0.500695
6.31861
9.86293
2.43864
0.157177
0.258697
0.376344
2.25141
1.82928
3.81216
0.818845
0.161172
0.0297099
0
0
0
2.76266e-28
0
0
8.46223e-25
0.000979544
0
0
0
0
0
0
0
5.01678e-26
3.14869e-22
0.0203078
0
0
2.64437e-25
2.77159e-28
1.80723e-34
0.270186
0
0
0
8.53949e-30
0
0
0
0
0
0
0
2.57925e-10
0
0
1.04479e-09
1.01357e-06
0.000640356
0.393074
3.50326
9.86447e-28
0.0138219
0.336449
0.00195766
1.93068e-24
0.0610446
0.000865228
0.241846
1.50213
14.0283
0.580287
1.09033
1.14732
4.11067e-08
0
0
0.147693
0
0
0
0.158011
0.51868
5.06623
7.70289
8.46734
4.33889
1.06123
1.59827
1.40856
0.408193
0.765414
0.669169
0.00842889
0.511015
0.084079
0
0
0.00813883
0.00724805
0.335274
1.68185
1.16808
0.0449273
0.0100396
0.0953354
0.0702555
0
0
0
0
0
0.00122003
0.0277214
0.689915
0.59291
0.185021
0.415186
0.639758
0.764772
0.188255
0.0985712
0.00530873
0.593086
0.46576
0.0316626
7.48084e-20
0.0536086
2.52732
10.1594
0.723875
0.324858
11.7285
0.830863
0.00633613
0.000451469
0.0387478
0
0
0
0
0
0
0
0.0267524
0.0119475
0.0385235
0.0940937
0
9.64689e-22
0.013016
0.110199
0.211267
1.05783
0.238924
0.00623798
0.0383785
0.315502
0.0169611
0
2.70077e-20
0.168892
0.00291907
0.000943899
0
0
0
0.619529
3.54778
0.00126483
0.120196
0.0019375
0.0493061
1.42907
0.276626
0.975859
1.8947
0.078122
0
0
1.90773e-15
9.26406e-16
0.00236029
2.05425e-10
0.0118623
0.18924
0.139505
0.0015981
0
0
0
0
0
0
0
0
0
0
0
0
0
0
0.0167014
0.0997752
0.0427319
0.0304925
0.0406595
2.04668e-32
6.00549e-26
0
0
0.223205
1.12167e-10
0.0168376
0.0501053
3.0263e-19
0.00192378
0.0206025
1.35243
0.572418
2.22819
0.631318
0.436955
0
0.138075
3.63263
0.000301479
0.00176061
0.0264832
1.07052
6.52844e-05
1.24183e-22
0
7.42471e-08
3.4735
2.17647
7.94729e-09
0.000867796
0.739461
0.812081
1.7721
0.201861
0.0255893
0.715965
0.890336
0.918552
0.0954377
2.80984
1.79585
0.433488
0.0247932
0
7.04872e-24
2.60623e-23
0.178804
0.898187
3.38896
3.77305
2.07003
1.64931
0.834098
0.93339
0.981735
0.28852
2.09102
0.594168
1.76891
0.0808385
0.00626885
0.460288
0.562005
0.0662814
0
0.0222193
0.00249365
0
0.0592742
0.0485189
0.00432639
0.0707835
1.88076e-18
8.99456e-21
0.134298
0.00647197
0
9.82385e-23
1.35689e-21
1.34168
0.169242
0.000110537
0.0709715
0.623628
0.113692
0
0.097478
0.240108
0
0.0989258
0.000441319
0
0
0
0.00993324
0.0857196
0
0
0.215354
0.224935
0
0.000109757
0
0
0
0
0.14502
0
0
2.28427e-29
0.00564677
0.00516851
0
0
0
0
0
0
0.00591089
0.0862712
0.01549
0
3.93941e-18
2.21809e-17
0.00103758
0
0.0639333
0.226158
5.09409e-32
0.00877713
3.21239
7.49634
0.145921
4.31918e-05
0
0
0
0.0586827
0
0.130718
0.00205372
0
0.00207747
0.75482
1.03687
1.21339
3.75045
1.53535
0.478561
0.58984
1.1944e-17
0
0.0527862
0.157894
0.472571
0.0987583
0.000132486
0.000154408
0.115205
0.696452
3.41151
1.90472
2.22241
0.752806
0.317955
0.66808
0.409113
0.463867
0.726964
0.64863
0.967995
0.0644213
0.149335
0.828541
0.178509
0.00237078
0.0331707
0.101994
0.32375
0
0.0329345
0.600169
0.00188996
6.46213e-21
2.2973e-20
0
9.24877e-24
0
5.58123e-19
0.0481421
0.00363103
0.00156829
0.0256277
0.599082
0.0595584
0.000424353
0.023111
0.27245
0.00929282
0
0
0
0
0
1.10638
0.371918
0.245456
0.551222
0.377325
0.038869
0
1.95291e-17
1.40355e-21
0
0.0169396
0.661386
0.0235757
0.000295323
0
0
0
0.00348687
0.293622
0.0357473
0.0830286
0.0113426
0
0.00261345
0
0
0
0
0
0
0
0
0
4.98869e-27
0.00790305
0.163802
0
0
0.0197677
0.404149
0.0018427
0.0137427
0.00808229
0
0
0
1.62078e-25
0
2.20587e-31
0
3.33497e-34
2.18998e-31
0.0183542
0.0912193
0
0
0
0.0378556
0.506008
0.598541
1.14078
6.66143
10.9808
1.09503
0.450256
1.526
0.0728082
8.75509e-29
0.00341262
0.246821
2.26729e-32
0
0
9.27307e-31
0
0
0
1.4361e-31
1.89762e-20
0.012604
0.159584
0.559341
1.72352
1.64049
1.25168
0.124519
0.058874
0.00993023
0.00766371
1.18136e-22
0
0
0.295255
0.00255498
9.52166e-22
0.000239496
0.000424197
0.0031663
0
0.557465
1.70391
2.17899
0.326791
0.00336923
6.30964e-22
0.322409
0.124201
0.0629409
7.56581e-05
0.0110359
0.00333416
0.000297842
0.31924
1.02677
0.608212
0.472306
0
0
0
0.125916
0.85783
0.663874
2.33038e-06
0
0.0336216
1.25443e-08
0
3.29515e-27
0.535452
0.164955
0.0791824
0
0
0
0
0
0
0.100807
0.339097
0.00163906
0
0.0178219
0.00850386
0.0229037
4.48129e-14
0
0
0
0
0.000933924
0
0.269221
0
0
0.00198362
0.235117
0.139154
0.0273421
0.00888996
0
0.0979523
0.0167926
0.188293
0.00339052
0
0
0.00108696
0.0875565
1.21213
0.00745627
0.883422
0.1388
0.000203388
1.83658e-27
4.33929e-06
15.8646
3.14068
0.0530919
0.133994
0.0192759
9.93284
1.76919
1.16721
0
0.584378
0.000878152
3.69735e-21
0
0.0740968
0
0
0.00854898
0.0733853
0
0
4.78862e-28
0
0
0.00322392
0.286077
0.264727
0.324079
0.0527947
1.41369e-28
0
0
0.0638862
0.357216
1.09436
0.346532
0.15283
0.165168
0.290719
0.227656
2.03895
3.02717
4.82207
3.99895
7.49789
2.26774
0.376323
0.608624
0.554371
0.0814398
4.98908e-22
0.0945948
0.00344608
0.017197
0.0184433
0
0
0.000140975
0.00322926
3.42977e-22
3.41772e-23
4.324e-27
0.0507651
1.27174e-15
0.000247422
4.00369e-05
3.38885e-06
0
0
0
0
0.0269581
0.847126
0.631876
0.589659
0
0
0
0
0
0
0
0
0
0.0348906
0.268261
0.0121
0
3.04248e-06
0.0309447
0
0
0
0
0
2.86606e-31
0
0
0
0
0
0
0
0
0
0
1.16674e-17
0.000903219
0.155378
0.198041
2.51687
2.46852
0.307601
2.09379
0.175474
0.00317366
5.36008e-25
0.0273775
0.281783
0.00453768
0
0.0177519
0.472038
3.85743
2.41215
0.814267
2.15931
2.59644
2.01629
0.476518
7.90542
3.80765
0.814649
1.12078
2.17806
0.322074
1.06706
0
6.98381e-19
1.57404
0.219422
1.55197
0.000108024
0.118061
0.646814
3.97373
0.264199
0.288835
0.0099329
0.916897
4.03683
8.13895
0.934472
1.81775
0.785775
1.11536
0.392441
0.0508266
0.17967
0.121442
0.259469
0.694751
1.71176
0.214086
0.0915141
0
0
0.00153516
0.0117046
0.00247646
0
0
0
1.66338e-31
0
2.95167e-21
0.0419276
0.0861017
0.00615575
0.00178233
2.71922e-24
1.69686e-30
