2.81478
6.16087
7.14974
6.70004
5.32976
18.0758
3.89059
13.5679
3.89716
7.04198
2.16838
5.95977
5.76351
2.36779
3.13904
3.81749
7.20105
2.7226
4.78543
8.77959
5.40715
4.8832
6.93699
5.81607
12.8788
8.66016
6.85089
2.21575
7.35984
2.17416
12.5231
18.2704
4.36826
2.24349
2.92408
7.00079
2.75621
3.8157
3.42927
2.33048
4.28459
10.6513
2.31663
3.48042
4.66377
11.7691
4.04866
4.21862
2.23795
11.2702
15.0833
4.29726
3.82073
3.17003
2.62097
7.34429
8.12725
3.06992
3.72788
5.86873
4.57149
9.50014
32.3358
4.09986
3.46771
3.83642
4.11482
4.03716
6.22016
4.827
8.91499
6.7373
2.5201
8.75265
6.7573
7.73716
4.77527
12.2426
3.86653
2.62231
12.2554
3.8819
2.98001
3.47872
5.70061
4.46656
2.61655
4.49699
6.04811
15.1533
5.81385
4.51737
8.19605
6.14826
2.43386
2.42163
2.76851
4.24952
8.78969
5.15014
3.27081
5.58663
2.57962
7.92679
6.04914
2.57068
3.99391
9.71836
13.4903
9.52069
20.1338
2.58804
10.1096
4.8142
5.6207
18.3657
5.27922
2.64203
5.70547
8.93722
13.3184
7.19666
16.6708
4.11257
2.974
3.42976
4.71448
4.34254
3.29188
2.63151
2.64172
15.0399
2.48533
4.1441
6.84569
6.22095
2.59722
2.43422
21.1495
5.26573
2.91021
7.00525
2.50299
4.23267
8.76483
5.04906
2.71004
7.40291
3.42647
3.26252
12.5705
5.09441
4.10677
5.97633
13.4022
12.5379
3.32479
4.09013
13.9044
3.88291
2.82179
14.1855
2.60002
6.70906
7.44018
4.07412
6.02716
3.98683
2.59198
2.35422
2.37667
2.8523
8.57215
7.49282
2.42161
3.14288
8.23512
2.12191
3.52323
2.43408
3.30779
9.71584
18.3638
13.6149
3.01411
5.15461
4.901
5.60008
7.63739
3.68669
2.72733
3.60991
2.74338
9.29004
3.19514
7.9473
2.84042
2.70809
3.57721
2.63228
4.69376
3.07629
4.46219
6.31861
9.86293
2.43864
3.81216
3.50326
14.0283
5.06623
7.70289
8.46734
4.33889
2.52732
10.1594
11.7285
3.54778
3.63263
3.4735
2.80984
3.38896
3.77305
3.21239
7.49634
3.75045
3.41151
6.66143
10.9808
15.8646
3.14068
9.93284
3.02717
4.82207
3.99895
7.49789
2.26774
2.46852
3.85743
2.41215
2.59644
7.90542
3.80765
2.17806
3.97373
4.03683
8.13895
