0
0
0
0
2.93642e-36
0.0142358
0.113832
2.63371
5.83006
0.0831815
0
0
0
5.67599e-05
0.622954
0.00772605
0.0238648
0.235912
0.546176
0.0662707
0.198655
0.0623692
0.000794453
0
0
0.064578
0.200205
0.00415499
6.90137e-16
0
0.110106
7.02148
6.3862
0.0283546
4.48762
18.3904
1.13252
0.245686
0.754668
0.0152414
1.24179e-10
0
0.327302
0
0
0
0.634421
2.94761
0.14053
0.0295689
0.643118
13.242
1.11146
0.00514748
0
0
0.0822662
0.00779766
0
0
0
0
0
0
0.276411
0.0338428
0.0526551
0.9122
0.0745555
0
0.000555946
0.52371
0.282892
0.0581303
0.00146132
0
0
0
0.00019994
0.000858201
0.00498125
2.98376e-21
0.0451878
1.32068e-21
0
1.85323e-25
1.43401e-28
0
0.0447219
0
0
9.62096e-20
0.00300552
0
0.0371008
0.192796
0.00895499
0.746459
0.343371
0.0210679
0.0293791
0.627912
0.0132886
0
0
0.021835
2.69613e-06
0.00286909
7.21897e-16
0.00268701
0.0162639
3.94919e-22
5.80474e-25
5.1375e-22
0
0
3.92314e-33
1.90248e-22
2.85579e-24
2.86854e-22
yyyy
0
0
5.813e-15
2.32468e-14
5.54991e-15
0.448298
1.16928
0.0306019
8.4571e-23
9.72042e-07
0.018339
0.0832122
0
2.86881e-12
1.08841e-22
0.00268567
0
0.0211991
0.0290646
0
1.94058
0.14285
4.55441e-13
3.56362e-20
1.27718e-23
0.00132251
3.8809
6.96139
0.167566
0.000492367
2.28234e-05
1.25023
0.306336
0
0.0274909
0
0
8.88403e-05
0.455026
0.0176108
0.0838861
0.700896
2.22937
1.14403
0
0.0195619
0
0.00101887
0.0201532
0.464869
0.556898
0.0213896
0.0692107
1.3789e-13
0.252222
0
0.124955
0.00363428
0
0
0
0.653068
5.38382
5.25835
2.24833
0.118752
2.75583
3.87522
6.65348
2.24396
4.97377
7.39831
4.67568
4.25606
0.0166012
0.00134168
0.175019
0.00776061
0.00056274
4.08049e-05
0.514029
0.110621
0.323594
6.30746
0.639215
0.155644
9.88632e-06
0.00150736
0.159023
0.0955302
0.408841
0.0193748
0.460929
0.146953
0.798528
1.69724
5.90423
13.0098
8.13313
5.82753
1.41488
0.278008
0.508066
0.700644
0.0753104
0.11093
0.0467497
0.0418881
0.0979912
0.0256559
3.49838e-25
0
0.0187374
0.113332
0.182189
0.129945
0.068815
0.0551472
0.00294765
3.02177e-28
yyyy
0.00286938
0.0773587
0
1.0571
0.31709
0
0.000784971
8.24994e-08
2.86131e-17
0
0
3.38698e-32
0
0.0634895
4.65018e-05
1.67275e-14
3.27563e-27
3.59699e-27
0
0
0
0
8.7208e-25
0.0111427
0.00204554
0.0006233
0
0
0
8.78632e-05
0.000229457
8.67612e-13
5.27219e-10
2.75183e-30
0
0
0.00930974
2.26789
0.275448
0.0752481
7.08968
0.0274449
0.00103885
0
0
3.11938e-27
0.809529
0.0534343
0
3.6342e-05
0
0
0
0.283566
2.34418
1.66626
0.808294
0.0087948
7.83318e-30
1.42025
1.73845
0.107526
1.6654e-14
1.22218
0.90977
0.0163757
0.0866101
0.00272827
0.00333919
0.000505551
1.69643e-18
0
0
0
0.00161626
0.000983558
0
0.523798
13.1056
17.0986
0.00874079
0.615898
1.77991e-20
0
0.124779
1.07691
4.36519
2.34312
0.242152
0
0
0.0856649
0.840584
0.710223
0.686083
0.355336
1.09669
0.123501
0.176409
0.260522
0.018756
2.53774
6.67804
2.73092
3.77508
2.8916
1.0614
1.06567
0.0291411
0.00590251
8.18609e-20
0.0175753
0.018241
0.362323
0.558152
0.436099
0.145097
0.22461
0.117617
0.00277918
yyyy
9.60672e-12
0
0
5.24206e-32
1.03798e-13
3.10637e-24
0
0
0
0
0
0
0
0.0124775
0.00122698
0
2.41602e-27
0
0
0
0
0
0.00139735
0.0131203
5.72287e-06
0
0
3.03815e-13
1.20726
0.000657735
0.00910466
0.0222369
0.353118
0
0
0
0
0
7.68337e-22
1.0049e-20
0.00349835
0.00166612
0.326509
0.130042
0.770832
2.3531
1.93867
0.0065995
0.40651
0.879014
0.120856
0
0.151336
0.825348
1.02881
0.0530003
0
0
0.414454
0.485114
0.0032459
4.03514
0.55452
0.0183329
0.00244101
0
0.288083
0.123114
0
0
0.00353592
9.7005
0.644804
4.17663e-22
0
2.98824e-18
0.0551556
0.992147
2.31627
1.42378
0.319571
2.65065e-33
0.00134362
3.89622e-19
0
0.00130218
6.46193e-28
0
0.0220217
1.14248e-20
0.0915357
0.678477
1.42635
0.0929355
0.00064985
4.04743e-27
0.0207189
0.0611613
0.459564
0.0852631
0.86897
0.789172
0.250442
0.126317
0.0322097
0.259238
0.265627
0.00795957
0.019809
0
0
8.90104e-25
0.0365071
1.2158e-22
7.91144e-23
0
1.73219e-21
0
0
0
yyyy
0
2.24532e-11
2.06853e-17
2.12892
3.38293
0.00299601
0
0.322476
0
0
0
0.122298
1.87854e-23
0
0
0.0729168
4.76045e-10
0
0
0
0.0455573
0.276224
4.46623
3.45575e-25
0
1.18868
11.7456
1.10804
1.49486
0.0288737
1.78616
3.77281
3.92526
0.163688
0
0.0695582
0
0
0
0
0.0152414
0
0
0
0
0
0
0
0
1.00163
0.0458906
2.27458
9.75872e-06
0
0
0.319547
0.0238515
0.00180086
0.026497
0.0846297
0.527345
10.2888
0.42176
14.9286
6.10187
1.57019
0.328084
2.66406e-20
0.0176865
0.778917
1.83833
1.45987
3.56131
1.10568
1.11341
2.95956
2.55459
0.435364
0.0113149
0
0.353945
7.15807
7.4503
1.04176
0.918954
0.0234642
0.0384102
0.00416711
0.354404
1.12459
2.67173
3.34102e-16
0
0.186662
2.19192
1.56443
0.833304
0.0724655
0.047036
0.0192263
0
0
0
0
0.144782
0.36308
0.330633
0.56107
0.830834
0.0837142
0.0252122
0
1.35445e-23
0.0136741
2.71969e-20
1.81287e-21
0
2.87152e-22
0.0178608
0.0205266
yyyy
0
0.0124664
0.000102529
0
0
0
0.559886
0.582996
0.0468851
0
0
0
5.9659e-36
0
0.12891
0.57231
0.0132157
0.134034
0
0
0.00382822
3.75695
0.00874697
1.24398
0.393446
4.14395e-30
5.8116
4.40831
9.2597
30.9941
0.139041
0.00686913
0.340643
4.14968
0.360623
0.0917543
0.0319544
0.0113753
0.0039745
3.7433e-10
0
5.49515e-19
0
6.395e-19
0.0013339
0.073458
0.411525
1.3913
0.9357
0.166083
0.0626134
0.522396
3.32327
0.112147
0.929024
0.678521
0.0273917
0
6.83741e-24
0.176166
0.115728
0
0
1.68981e-17
0.016377
1.671
0.0146886
0.0464076
0.0668414
6.50508e-22
0.00044402
0.331329
1.42061
1.90874
0.959077
0.560382
0.00963761
0
0
0.0982777
0.33448
0.119067
0.0585432
0
0
0.00419515
2.81922e-21
1.65494e-23
0
0.0251856
0.0606718
0.0637261
0.00160839
0.118046
0.0137038
0.0826591
1.47647
1.85888
3.29869
0.620613
0.139217
0.556075
0.236581
0.291665
0.382001
0.0813719
0.338929
0.603733
0.0864223
0.0779702
0.111175
0.832619
0.325919
0.0344241
0.198337
0.43005
0.031021
0.0413252
0
0
yyyy
0.115549
6.84648e-08
0
0
0
0.272649
0.679507
0.000191911
0
0
0
0.688341
0
1.79646
1.08073
4.96705e-10
4.12916e-11
6.67039e-15
0.877607
0.918377
0.359641
0.129215
1.42003
0.0265142
0.0295502
0.571694
0.114463
0.00811002
0.216538
0.135692
0
4.43499e-14
0.0135543
0.0290376
0.467961
0.534443
0.0429857
0
0
0
0.115792
0.0347517
0.000201627
0
0
0.0944624
0
0
0
7.31377e-11
0
0
0
0
0
0
0
0
0
0
0
0.186988
0.122707
0.196431
0.535959
1.00971
1.81846
3.75972
4.11558
5.39246
3.83037
8.62569
6.61432
2.13558
0.0164315
0.23102
0.834796
0.445304
0.0303075
1.2818e-05
0.0236602
0.181321
0.854248
0.00131182
2.66377e-13
0
0
5.98876e-19
0.00096671
0.112471
0.029123
0.0773052
0.0108564
0.0118167
0.019363
0.00147834
0.0507925
0.0468018
0.0292592
0.000546517
1.61209e-20
1.47544e-21
0.0369572
0.00699556
0.00161571
0.0441864
0.386591
0.018244
2.63635e-25
7.96297e-20
0
3.0627e-27
0
0
0
0
0
0
5.76414e-23
8.21505e-24
6.10772e-23
yyyy
0.0109455
2.56858e-12
0.0161566
1.26735e-20
0
1.41041e-14
0.0608194
0.339779
0.00420814
0
1.36125e-15
1.24222e-09
0
0
4.79722e-30
0.0131427
0.749548
2.21789
8.61003
6.46476
0.181908
0
0
0
0
0
0
0
0
0.217661
0.000626808
8.58255e-05
0.018846
1.77202
0.282992
0.295836
0.0120618
0
0.615247
7.84701
0.200262
1.30385e-06
0.00145987
1.83584
0.0252562
0.100827
6.28233e-06
0
0.644979
0.370036
1.36483
0.43501
0.357795
4.79832
0.247521
2.88098e-21
0
2.95144e-11
0.133531
1.11201
11.6955
0.851882
0.111975
7.10172e-15
1.69856e-15
0
7.63583e-23
0.00184272
0.0461244
2.0301e-18
0.0254221
2.81634
0.103652
0.00150598
2.48939
11.4244
3.77951
2.92306
0.236783
0.370173
0.263258
6.06048e-05
0.0503213
0.336023
0.467626
0.178892
0
0
2.23489e-17
0.0303411
0.120455
0.129798
0.0424049
0.373546
0.282377
0.258138
0.00845122
0.0168287
0.14009
0.000562023
2.12805e-32
0.160742
0.0029387
0.00085126
0.0100415
1.02036e-23
0
1.34931e-19
0.00486874
0.0250884
0.0201975
0.0943379
0.0532018
0.00775264
2.59482e-25
0
1.46657e-22
0
0
0
yyyy
0.131529
0.578696
3.25419
0.313785
0.00125737
0.140036
1.35739
0.771364
1.2657e-11
1.6457e-14
0.00144125
0.0271477
1.00493e-35
0
0
0.269223
0
4.42988e-15
0
0.0213321
0
4.60328e-36
0.000549699
0.267048
0
0
0
0
0
0
0
0
0.0623596
0.0930459
0.769453
0.384947
5.57085
0.586672
2.00379
0.292438
9.16892e-28
0
0.104479
0.387525
4.70473e-23
0
0
0
0.00232278
0.366285
0.101046
9.106e-06
0.0409677
0.108564
0.487303
0.789551
0.137353
4.25642
6.92614e-05
1.32269e-17
0
0.390287
0
7.88026e-19
0
0.0120796
2.89113e-21
0
0
2.84494e-22
0
1.0119e-23
0
0
0
1.7348e-22
0.087213
0.0388288
0.0245644
0.711363
0.836187
0.425572
0.503882
0.720732
0.860739
0.402439
0.164133
0.48177
0.650528
0.898959
1.29491
0.159139
0.00743518
2.98741e-32
0.0184624
0.213854
0.0778973
0.385411
0.508007
0
0
0
9.58499e-21
0
0
0
1.26928e-23
0
0
0
0
0
0
6.49934e-22
2.09562e-22
1.89866e-20
1.07867e-19
1.07452e-20
0
0
yyyy
0.000526199
0
0
0
0
0
8.75726e-15
3.12011e-12
0
0.0277105
0
0.0919274
0.120754
1.97542e-32
0.028122
2.49458
0.201706
4.11439
0.00485741
0.00200834
0
0.116414
0.193971
6.19423
15.1114
0.541707
0.00129222
0.0117616
2.35798e-17
0
0.274571
5.78747
0.000575087
3.65342e-22
0
1.48175e-31
0.0189933
1.74317
1.17269
0.247247
0.0183019
0
0
1.71188e-35
4.48589
0.766188
1.41553e-23
0.0230029
8.26776
5.84385
0.304025
1.08049e-17
0.0898599
0.00155445
7.04969e-16
0.612653
0.384701
0
0.00346884
2.74744
0.524195
0.464066
0.274372
1.912
0.0673718
1.37964
2.21606
0.273394
0.0141139
0
0
0.484314
2.08434
2.09984
2.71732
1.50655
4.30437
0.906743
0.785053
0.0720535
0.0510583
0.219276
0.148581
3.38695e-21
1.75904e-22
0.0401937
0.121959
1.18593e-25
3.56447e-22
0.00174166
0.0374783
0.0220629
0
0
0
0
0.0415992
0
0
2.90715e-29
0
2.85077e-21
4.57818e-21
0.0267165
0.016343
0.00632538
2.12811e-21
2.13908e-30
1.59731e-29
1.03601e-31
0
0
0
1.52597e-21
6.84216e-35
0
0
0
1.15993e-24
1.57086e-22
yyyy
0.00201888
6.73783e-08
1.18286e-10
0
0
6.21535e-29
0.00730022
0.00894439
0.102547
2.34332e-08
7.6642e-25
0
0.000938746
1.8157e-27
0.487013
0.0426983
0.0138559
0
5.60009e-31
0
0.47324
0.553235
0.107918
0.138361
0.00167737
4.87932e-29
6.22161e-27
0
0.00112696
0
0
0
0
0
0.284862
4.0281e-25
0
0.000144378
0.00191744
0
0.00311075
0.47721
0.727325
8.57626
5.10675
0.0056759
1.08903
0.1189
5.25249e-22
0
8.11261e-14
0
0.432763
0.310421
0
0.0140439
0.234466
3.09362
0.765894
1.28927
7.67268
2.65469
0.0335026
8.5294
0.000841656
0
0
0
0
0
0
0.120089
0.00809219
0
2.21026e-27
0
0
0
0
0.612223
1.85972
1.61133
1.16926
0.558738
0.0477933
0
0.0137545
0.971295
0.0301129
0.000649375
0.00898702
0
0.0174935
0.326568
1.62659e-20
0.204613
0.34286
0.39759
8.95166e-30
0.000223686
0
0.0210684
2.53085e-19
0.0687754
4.18592e-23
0.183679
0.0586873
0.0576797
0.175477
0.849822
0.0891749
0.135351
0.0607194
0.136342
2.78621e-31
0
2.99137e-24
0.0274844
7.96393e-24
3.67113e-20
0.0355505
yyyy
1.99416
7.95427e-05
5.84767
0.0268666
3.45039e-08
0
0.00866453
0.201843
0.236797
0.14283
0.401686
0.904867
0.0108123
0
7.86059e-26
0.568688
1.4659
2.60326
3.89472
9.62485
13.4402
0.0515436
0
0
0
0
0.266008
0.0683136
0.0737016
0.440338
1.50219
0.876603
0.189788
0.238213
1.13008
0
0
0
7.3547e-12
6.56436e-30
0
0
0.00699494
0.897451
0.134445
8.53527
19.9513
2.44
2.49855e-36
2.35194e-31
0.015861
1.27552
0.00391093
0
0.0765644
1.2745
0.887018
10.7506
0.426402
0.282498
4.47709
2.07025
1.68164
5.21451
18.6729
1.83797
4.85051
0.48171
0
0
0
0
0
0
0
0
0
0
0.0127498
2.49446
5.72049
8.40679
13.1444
0.212042
0.150379
3.8426e-15
1.48547e-22
1.38423e-17
0.000516581
0.199732
0.00185731
0.621368
1.101
0
0
0.00528245
0.304971
6.83729
16.1578
3.79283
0.131732
0
0
6.48464e-22
0.317868
0.018757
0.141562
0.423951
0.023738
0.407781
0.820164
0.057162
0.00140054
0.00053357
0.000658513
0.0275885
0
1.12804e-23
3.53932e-22
0
yyyy
0.000997354
0
0
0
0
0
0
0
0
0
0
0
0
7.20223e-31
0
0
0
0
0
0.790547
8.2162e-05
0
0
0
0.00871872
0.64725
4.19373e-08
0
0
0
0.072157
0.515491
0.0114698
0.00971631
0
0.141269
0.311998
0.069109
2.94312e-15
0
0
0.00856458
0.033342
0
0
1.54204
0.951242
0.297787
0.0180487
0.000893178
1.15221
0.0381493
0.215878
2.32078e-09
0
2.87423
2.19933
1.65841
0.142131
0.00752462
0
0.356797
0.106586
0.000618483
1.11761e-18
0.0525231
0.00145093
0.0105695
0.0679059
0.18443
0.568099
3.34588
4.97612
4.20298
3.02479
2.57414
0.345985
3.75366e-19
0
4.75908e-20
0.166835
0.699608
1.55907
0.831397
1.19908e-22
0.0352194
1.43033
0.0275518
0
0
0.0669262
1.58038
0.0218274
0
0.00174716
1.24551
0.668216
0.678598
0.0277011
0.462849
0
0.124457
2.39539
1.72319
1.85415
1.05744
0.997197
0.0739454
0.426653
0.677527
0.3856
0.381722
0.199278
0.00761893
0.0186918
0.000690752
0.0428998
2.80695e-22
3.50728e-25
1.36071e-21
yyyy
0.015822
0.47219
2.04225
14.8886
2.48997
0.0445983
2.93483e-21
1.74019e-25
0
2.34943e-35
9.18907e-09
0.00238649
4.11988
2.40902e-09
0
1.00812
0.0157505
0.169498
6.17184e-24
0.580507
0.00200359
0.0019561
0
0.00403426
2.78631e-26
0
0
2.46598e-21
0.382821
0.334606
0.021213
0.0180465
0.941477
0.00591235
6.66872e-27
1.8171
5.66536
7.11162
2.88973
0.0772235
0
0
0.318231
0
0.00214282
2.40976
20.6252
5.0797
0.42121
0.0188463
0.317925
0
0
0
0
0
0
0
0.0047193
0.433419
2.86817
0.353898
6.76703
2.15572e-05
0
0.0155668
2.27962
4.05929
8.53322
4.80613
2.62208
0.948591
0.00100161
0
5.50914e-33
0.192006
6.88764
1.61589
0.204131
0.300217
0.548458
0
0.0212791
0.0551014
0.882166
0.844987
0.801796
0.199459
0.785118
0.649496
0.588891
0.228508
0.960002
1.61399e-24
2.89654e-28
0.00791677
0.267734
0.0076663
0.315952
0.000666027
0
0
3.03193e-25
4.2561e-20
3.02353e-22
8.54788e-33
0.0864561
0.455472
0.309773
0.0510594
0.131185
0.00817804
0.00508458
0.00557085
0.00536943
0.557221
0.834287
0.111979
0.0280938
1.1369e-21
yyyy
0.342808
1.53807
0.198025
0.00548802
0
0
0
0
2.19244e-35
0
0
0
0.0533252
1.88624e-23
0.0789064
3.23939
0.00149686
0.392832
0.0205912
0.0172641
0
0
0
0.0573318
0.0218197
0.475939
6.21862e-07
8.71479e-06
0.11124
0.372124
0.0111911
0
0.422054
0.835704
0
0
0.00168841
0.00148866
0.526697
0.127399
0
0
0.216227
0
0
5.37206e-32
0.0426289
3.08744
12.3655
5.04187
0.210622
0.00024211
3.91444e-15
3.6671e-21
7.63585e-11
0.000557004
0.21657
3.9576
0.561462
0.744005
0.0328471
0.001574
0.457381
0.110944
0.741156
0.157175
0.643168
0.0816617
0.0367651
1.80613
5.84761
13.256
1.52307
0.0630763
0.197248
0.129376
0.00709078
0.00494894
0.119894
0.00291551
0.102427
0.668275
0.509705
0.132267
1.68333
0.136902
0.0779558
0.125413
0.00691598
5.63651e-23
0.127882
0.0737674
0.00881108
0.0304373
0.00784586
5.66721e-21
0
0.196644
1.48697
0
0
5.49541e-18
0
0
0
1.59915e-22
1.1301e-06
0.161154
0.21152
0.206316
0.135479
0.204456
0.757417
0.231084
0.0204411
0.0200743
0.0531277
0.000948031
0.00528737
2.88712e-23
3.49257e-24
yyyy
3.04914e-06
1.30565e-30
0.0231465
0.000353904
4.44782e-06
1.04647e-25
2.3774e-12
0
7.93034e-13
0
0
1.80029e-21
5.92246e-24
0
0.161443
0.0126836
0
0
0
2.04818e-18
1.88569e-15
0
0
0.114574
0
2.23227e-25
0
0
0.360708
0.626162
7.25344e-27
0
0
2.37953e-27
0.144173
1.13962
1.31352
12.0088
3.23979
0.0719566
0.188082
4.97241e-05
1.08304e-10
1.76603e-20
0.00120856
0
0
3.82061
0.320655
3.59018e-27
5.55043e-18
0.0930612
2.88446e-25
0.0334906
13.137
0.00739852
0.0286163
0.777797
0.00462772
0.362047
1.35091
3.55268
1.54473
0
0
0
0
0
0
0
0.00163411
2.129
2.44658
1.32988
1.24866
0.165268
0.449959
0.63325
0.0102146
0.0519823
0.000711035
0
0
0
0.00855235
0.00649842
0
0.0126398
0
4.22686e-19
0.243548
0.0952799
0.0844238
0.0259775
0.201347
2.15157
0.122665
0
0.0180956
0.286027
1.2044
0.0593444
0.129102
0.0198554
0.0588778
0.215195
0
0.269416
5.76203e-33
0.00639965
0.028469
1.17875e-22
0
2.561e-22
0.150685
0.0736123
0.0135164
0.146337
0.0935744
9.26615e-29
yyyy
1.79608e-08
0.0123463
0.161741
0.0704378
0
0
0.130744
0.017931
0.000874262
0.00161527
0.00314139
3.37078e-06
0
1.03653e-09
0
2.75532e-15
0
5.70334e-25
0.0244435
0.559078
4.22992e-09
0
2.75251e-22
0
0
0.216979
0
3.6041e-22
5.33765e-15
0
1.30075e-15
2.31574e-06
14.1214
0.802616
1.23919
0.000119276
0
0.00487106
0.179001
0.0879138
0
0
0.80108
1.11551
2.90047e-31
0
0.00583091
0
0.104244
1.49093
0.926412
2.08089
2.65742
1.13935
6.49896
7.05735
0.158808
0.747936
0.0415185
0.00603939
0.000215625
0
0
0
0
0.577881
0.266513
0.00617616
0.00605765
9.13037e-19
0
0
0
0.0312045
0.828938
0.573696
0.0401137
0.00069657
0
0
0
0
0
4.12221
5.67683
3.62239
2.02949
2.89681
0
1.07948e-28
3.27253
0.605931
0.0113474
0
0
5.67414e-32
0.615361
1.69663
1.50055
2.21581
0.00455083
0
0
1.67502e-05
0.132009
0.316243
0
0
0
0
0
5.01571e-21
7.36236e-24
0.25885
0.0525237
3.91841e-24
0
0
0.000113735
0
yyyy
0
4.35764e-27
0.0214257
0.363949
9.37053e-05
0.0524228
0.935527
1.24729
0.22542
1.18278
0.239061
0.020303
0.438692
0.569304
1.14586
0
0.119483
0
2.75405
0.0293893
0.166875
0.658676
0.474432
0.36575
0.0568807
0.0870579
0.371014
7.9537
0
0
2.46594e-24
1.71583e-25
0
0.000327537
0.122677
0.200027
1.04796
1.54774
6.92481
0.154534
1.30051e-06
1.04699
0
0
0
0.714001
0.552402
0.0477757
0
0
0
0.0108772
0.167602
0.759773
0.000264888
0.60308
0.568641
1.43833
1.08823
0.00381503
0
0
0.053276
0.0312847
0.00560956
0
0
0
0
0.0817241
0
0
0
0
1.38783
0.478868
0
0.0079236
0.00541363
0.0127417
0.113007
0.389307
0.0944301
0.415357
0.77432
2.2566
1.6413
1.02154
0.787382
0.169312
0.0437831
0.122044
0.0182319
0.0390411
0.280837
0.340756
0.180114
1.20844e-20
1.63713e-22
9.90272e-07
0.101961
0.00176484
0.0203076
0.0229523
0.0273231
2.02294e-31
0
0
0
0
0
1.86348e-30
4.98199e-23
3.87509e-23
0
0
0
6.72164e-24
3.58935e-24
2.75119e-23
yyyy
7.79416e-32
0.178321
0.00433744
0
1.08677e-06
3.4614e-09
0
0
0
0
3.11736
8.10014
0.0130688
0.000614121
0
0
0
0
0
0
0.0103673
0.277407
0.0439603
0
0
0.00321567
0
0
0
4.69009e-29
0
0
0
0
0.00292986
9.91966e-23
0
0
0
0
0
0
0.0025509
0.0151329
0.0361922
0
0
0.000848689
0.451267
0.438646
0.805749
0.119397
0.149557
0.00166917
0.000823624
0.0275501
9.11363e-35
0.141066
1.8937
1.16848
1.37355
0.393412
0.0810139
0.0778436
0
8.70565e-25
0.286359
0.430237
0.0387405
0
0.000917448
0.0849807
0.112728
0.745453
0.461415
0.641948
0.26353
0.181566
1.40157
0
1.19816e-34
0.169597
0.494418
0.108213
1.52904
2.25978
0.596566
0.145835
0.0698784
0.0935782
1.36767
0.00109335
0.627836
0.480758
0.347086
0.846171
0.0142975
0
0.054541
0.0761232
4.86642e-21
0.000100988
0.00348741
0.0374484
0.240949
0
2.70881e-23
0
0
0
0
9.75168e-27
0
0
0
0
0
0
6.84471e-27
3.58205e-22
9.98013e-22
yyyy
0
0
0
9.57286e-23
0
0.144033
0.0727714
4.72626e-05
1.71427e-18
6.41242e-08
0
0
0.833256
-3.97364e-10
3.88548e-29
3.30246e-36
1.60605e-28
0
0
0
0
0
0
0
0
0.0981729
0.0623192
0.00956836
0.0328481
0.81948
0.318412
0.000853643
0.274808
3.27749
0.809179
0.0211189
5.40984e-21
0
0.0102052
0.357025
0.857904
0
0.000517884
2.63862
2.65442
9.43756
0.841349
17.8667
13.0087
0.00621866
0.0144354
0
0
0
0
0.0595464
0.0201088
0.0519904
0.512809
2.88193e-17
6.4856e-23
0.000670562
0.693155
2.02709
0.392359
0.0417513
0
0
1.79545e-27
0
0
0
0
0
0
0
0.157276
1.04366
2.78571
0.359358
1.11761e-21
6.49993e-20
4.8235e-22
0.0150628
0.635247
1.59992
0.968314
0.153684
0.402185
0.409755
1.44311e-17
4.9777e-22
0
0
0.0022753
0
6.61974e-05
0.0541163
0.000722626
0
0
0.0131147
0.00243932
0.0844339
2.03512e-23
1.43143e-19
8.23178e-20
0.00169184
0.0322598
0.101531
0.263488
0.125775
0.0266996
0
0
0
1.14424e-31
1.85339e-24
3.31163e-21
1.48887e-19
yyyy
0.173503
0.253679
0
0
0
0
0
0
0
0.171783
0.0413279
0.0846131
1.08438e-15
0
0
0.988542
1.1807
0.00777618
0
0
0
0
0
0
0.0190706
0.0981788
0.672589
4.93691
4.78734
0.0257101
0.0539578
4.85883
7.34999
1.41088
3.4848
1.72599
0
0
0
5.97506e-05
0.321647
0.0112447
2.81219
3.63053
1.02904e-05
0
0.565477
4.34429e-05
0
0.205646
4.81812e-05
0.0990122
0.221648
0.00169365
0
0
0
0.266804
2.73216
0.450674
0
0
0
0
0.410996
0.187108
1.80276
8.85179
1.27538
0.000650752
0
0
0
0.00283601
0.765511
1.7008
0.135509
0
0
0
0
0
0
0
0
0
0.0606432
0.684011
0.623086
0
0
0
2.36084e-27
0.000667461
3.85345e-18
0.0195298
0
0.00293869
0
0
0
0
4.74128e-35
0
1.27259e-23
0.00101572
3.03716e-20
8.51484e-20
0
0.0303608
4.87605e-23
1.61498e-22
5.94384e-23
5.48105e-21
7.28377e-20
8.10514e-21
0.0029726
0.00688787
0.01751
0.00101704
yyyy
0
0.160265
0.108189
0
0
0
0.00184981
0
0
0
0.0723508
0.283139
0.000405068
0
0
0
6.04235e-15
0.252641
0.0161085
0.00354356
0.155977
1.91172
0.292621
2.26422e-19
0.00141266
5.57923e-21
2.8755e-23
0
0
1.40086
3.13017
1.58743
7.775
2.68249
0.288703
0.309502
0.0127737
0.0303967
0.00650252
0
0
0
0.70659
0
0
0
0
1.15807e-22
0
0
0.040723
0.69215
0
0
0
0
0
0.000216343
0
0.337874
0.0916951
0.102243
0
0.102229
0.0353748
0.0136363
0.0550899
0.13235
0.305325
1.35096
0.301332
9.66673e-22
0
0
0
0
1.42736
2.45288
1.77649
0.0184836
0.000247858
0.0424415
1.7516
2.05085
0.0326711
0
0
4.04075e-32
0.00752722
0.0462588
0.0010795
0.418093
0.640649
0.756237
0.234263
0.00775693
0.7802
1.63162
0.997976
0.386437
1.21157
3.35119
2.39759
1.19907
0.207801
0.00205128
0
0
2.06022e-25
3.29931e-28
6.00614e-26
0
8.18402e-21
0.0162895
0.202029
0
0
0.00277169
0.0762436
0.127975
yyyy
0.00118395
0.117679
0.055086
1.44711e-18
1.32772e-11
0
0
0
0
1.65947e-20
0
0
0.000937648
4.27203e-05
0
0
2.93807e-28
0
0
0.0540956
0.237721
0.000405065
0.123106
0
0
0
0
0
0
0
0
0
0
0
0
0.00268669
5.12587e-24
0.0328063
0.0109615
0.0134472
0.00351572
0.074645
0.00216995
0.0117538
0.00460375
0.0823267
0.00238138
0
0.000213245
0
0
0.0357979
0.839443
1.0693
0.747997
0.102285
3.93761
0.306272
0.0495597
0
0.189573
1.26716
2.68118
6.88039e-05
0.497215
0.431128
1.52275
0.91818
4.57004
2.01977
1.90601
0.0573741
6.96491e-16
0
0.000292795
0
0
0.166479
0
0.449005
5.89016
9.21506
2.45015
0.160404
0.340118
0.381087
2.07649
1.86695
3.50328
0.871635
0.117984
0.00265954
7.65798e-31
0
0
0
0
0
6.6991e-26
0.000556715
0
0
0
0
0
0
0
1.90726e-27
2.50367e-22
2.55756e-20
0
0
1.87059e-24
3.56739e-25
1.5213e-28
0.186566
0
0
0
1.24665e-23
0
yyyy
0
0
0
0
0
0
4.18842e-10
0
0
1.82832e-09
0.000294513
0.000104432
0.41873
3.43497
6.33986e-27
0.0141997
0.325212
0.00185471
1.33863e-27
0.046538
3.23699e-08
0.250745
1.44735
13.899
0.505915
1.24532
1.09645
6.03737e-08
0
0
0.150876
0
0
0
0.157264
0.543956
4.70915
7.57516
8.17144
4.25936
1.01878
1.49923
1.44535
0.411407
0.767107
0.654498
0.00274021
0.527616
0.0861272
0
0
0.00468185
0.00501286
0.306569
1.64815
1.10763
0.0440237
0.00954347
0.0935686
0.0355861
0
0
0
0
0
0.00130407
0.00353907
0.740931
0.55331
0.159521
0.315453
0.611574
0.783474
0.185115
0.0948722
0.000260478
0.620181
0.453237
0.0081722
5.20824e-20
0.0427981
2.35141
9.42548
0.631784
0.191832
8.25249
0.920002
2.30873e-15
0.00042882
0.0288894
0
0
0
0
0
0
0
9.07493e-20
0.0116235
0.0470836
0.112771
0
3.13342e-22
1.73411e-24
0.0639778
0.185125
1.06436
0.334381
0.00384666
0.0411407
0.261135
5.00591e-20
0
2.28022e-20
0.0596823
0.000141219
0.000963046
0
0
0
yyyy
0.616552
3.76281
0.00127815
0.110183
0.00403068
0.0471488
1.43812
0.25854
0.904852
1.86743
0.0931809
0
0
1.84821e-15
8.75126e-16
0.0032723
2.31192e-10
0.0142524
0.168428
0.122002
0.00668745
0
0
0
0
0
0
0
0
0
0
0
0
0
0
0.0222302
0.0922053
0.0608719
0.0323238
0.0368563
4.62921e-26
3.46373e-20
0
0
0.389979
1.05675e-10
0.0298346
0.0576104
1.27103e-19
0.00129858
0.00916161
1.08939
0.50551
1.68752
0.491565
0.376469
0
0.135674
3.64203
0.000309651
0.00185472
0.039191
0.931168
0.00100355
1.93836e-24
0
1.76274e-08
2.87463
1.78711
-1.58946e-09
0.000901185
0.76277
0.892101
1.63279
0.161834
0.0119722
0.635452
0.768008
0.89566
0.157185
2.65655
1.40947
0.426548
0.0108527
0
1.04891e-24
3.22405e-23
0.168532
0.69209
3.12029
3.66695
1.8739
1.60587
0.896049
0.989343
0.9206
0.19161
1.79725
0.731862
1.65566
0.000592161
0.00337436
0.39774
0.542666
0.00608299
4.17985e-26
0.00321067
0.00259724
0
0.0520025
0.0631857
0.000877361
0.0797547
2.82734e-19
2.08434e-22
0.11515
0.00262756
0
7.84331e-24
5.67979e-22
yyyy
1.27591
0.166932
0.000105206
0.062882
0.522289
0.114305
0
0.0868243
0.248633
0
0.068018
0.000417787
0
0
0
0.00563959
0.0944635
0
0
0.188511
0.212752
0
0.000520473
0
0
0
0
0.13888
0
0
3.45819e-30
0.00473733
0.00494005
0
0
0
0
0
0
0.00397384
0.101248
0.0181293
0
1.60654e-16
4.06394e-15
1.05351e-16
0
0.0328594
0.25386
1.46435e-26
0.0101336
3.09587
7.44275
0.154126
9.43615e-19
0
0
0
0.0213978
0
0.169873
0.00186934
0
0.0059569
0.662221
0.818662
1.1524
3.71001
1.52293
0.48797
0.513187
2.7234e-16
0
0.0217358
0.170621
0.47557
0.0999406
8.61276e-32
0.00199017
0.121792
0.505943
3.15368
1.66648
1.99659
0.657765
0.318491
0.672475
0.277008
0.218327
0.542239
0.56099
0.824166
0.0573651
0.0888018
0.850563
0.145434
0.00251109
0.000508328
0.0517735
0.308563
1.25617e-31
0.0226036
0.683559
0.00175821
5.31143e-21
9.66926e-20
0
0
0
0.000628795
0.0392193
0.00229584
0.00157103
0.00768626
0.395746
0.112987
0.00234777
0.00738252
0.283683
0.000301061
yyyy
0
0
0
0
0
1.13339
0.33056
0.211771
0.518793
0.341681
0.0327236
0
1.83304e-17
2.27253e-21
0
0.0323826
0.504721
0.0237856
0.000528173
0
0
0
0.00342372
0.265284
0.0440412
0.0842064
0.0114742
0
0.00694607
0
0
0
0
0
0
0
0
0
2.84608e-27
0.00651834
0.144839
0
0
0.018196
0.479802
0.00213187
0.0134354
0.00808775
0
0
0
4.17789e-26
0
1.79413e-31
0
1.52373e-34
0
0.00912112
0.063459
0
0
0
0.0394345
0.470414
0.681871
1.18097
6.43606
10.8927
1.10519
0.425183
1.5293
0.093015
4.63068e-31
0.00172507
0.200782
5.31533e-24
0
0
3.37216e-32
0
0
0
2.52966e-32
1.20414e-20
0.00750472
0.198072
0.634624
1.66236
1.46909
1.40731
0.0794281
0.0310651
0.0253441
0.00769565
7.99923e-23
1.84632e-25
0
0.255236
2.25933e-24
4.87875e-21
0.000284603
6.96868e-19
1.12421e-21
0
0.372481
1.40651
2.03983
0.239977
2.80238e-19
1.53226e-26
0.292055
0.0987752
0.0392489
2.09722e-26
2.99393e-21
0.00198271
9.15599e-23
0.202274
1.08133
0.703048
0.391774
yyyy
0
0
0
0.120712
0.854206
0.638818
1.92753e-06
0
0.0320688
1.12879e-08
0
5.11462e-33
0.54417
0.140615
0.081954
0
0
0
0
0
0
0.110643
0.329205
0.0016259
0.00106552
0.0204598
0.00770369
0.0219727
4.57926e-14
0
0
0
0
0.0017499
0
0.285957
0
0
0.00168914
0.225918
0.115991
0.0261515
0
0
0.109692
0.0154263
0.14214
0.00354267
0
0
0.00066601
0.0538681
1.22155
0.0168553
1.01237
0.154505
4.16468e-12
1.34252e-29
3.11339e-06
15.8119
3.38495
0.0258429
0.119057
0.0172762
10.3593
1.62475
1.10011
0
0.678914
0.00447267
7.90687e-30
0
0.0816286
0
0
0.00981709
0.0735597
0
0
2.61001e-25
0
0
0.00560407
0.280596
0.226316
0.316647
0.0328932
2.29581e-30
0
0
0.0537299
0.333575
0.90724
0.201529
0.0793836
0.158502
0.179219
0.1563
1.91876
3.05897
4.19316
3.68689
6.9762
2.3344
0.25361
0.597234
0.633782
0.078588
9.11628e-23
0.0253108
2.52213e-20
9.02051e-21
0.00436392
0
0
0
1.95225e-21
5.81075e-22
9.78578e-24
1.53865e-25
yyyy
0.063925
1.53227e-15
0.00024761
3.30858e-11
3.32593e-06
0
0
0
0
0.0257823
0.84447
0.602153
0.578715
0
0
0
0
0
0
0
0
0
0.0365057
0.27112
0.00884674
0
2.36207e-06
0.0104703
0
0
0
0
0
0
0
0
0
0
0
0
0
0
0
0
1.26179e-17
0
0.142274
0.191814
2.08253
2.30725
0.29593
2.02617
0.218269
2.91424e-15
3.4111e-25
0.0876551
0.332583
2.60969e-19
0
0.00875254
0.392021
2.80114
2.45776
0.690673
2.10409
2.4755
1.70238
0.420199
7.68509
3.72974
0.742635
1.06698
2.85989
0.334746
0.932159
2.76083e-23
3.64101e-19
1.52264
0.205765
1.3588
0.000110672
0.0394133
0.283171
4.32613
0.275389
0.26872
0.0155226
0.939598
3.98512
7.86966
0.924119
1.63719
0.913229
1.59593
0.497141
0.0687038
0.201716
0.201334
0.166669
0.669262
1.60506
0.177692
0.047905
0
0
6.8107e-19
9.59495e-20
1.50416e-21
0
0
0
5.33772e-24
1.53619e-29
1.00599e-21
2.23233e-19
0.00988218
0.00624373
2.54276e-21
5.04604e-22
1.9261e-28
yyyy
